1 0.891813239246172 0 0 0 0 0 0.81448553149247 0.657536892220273 0 0 0.611259834008083 0.820657591999096 0.71429130275329 0.806968643249853 0.612192050119574 0.821645164689656 0.775944923476129 0 0.740204864389175 0 0.747919060778245 0 0.749309439565318 0 0.69707911084949 0.806160989612047 0.861037565080105 0 0 0 0 0
0.891813239246172 1 0.658150828280095 0 0 0 0 0.824711819944039 0.709778585792822 0 0.665413622919248 0.666079793717021 0.905577783705684 0.679614202129196 0.762771894392598 0.667391426788179 0.834715833726851 0.819247205115309 0 0.78136434824959 0 0.800944120033524 0 0.631439772819438 0 0.781452706995265 0.84767042965363 0.877951593050549 0 0 0 0 0
0 0.658150828280095 1 0 0 0 0 0 0 0 0.696931884126246 0 0.703129636817336 0 0 0.620157177710005 0 0 0 0 0 0.639196956450485 0 0 0 0 0 0 0 0 0 0 0
0 0 0 1 0.777926603933224 0.739214335771057 0 0 0 0 0 0 0 0 0 0 0 0.627867199710435 0 0 0 0 0 0 0 0.602950285438357 0 0 0 0 0 0 0
0 0 0 0.777926603933224 1 0.855462519807155 0.727872868930464 0 0.640972245408079 0 0 0 0 0 0 0 0 0.647881906902571 0 0 0 0 0 0 0 0.647379024329937 0 0.61797673517885 0 0 0 0 0
0 0 0 0.739214335771057 0.855462519807155 1 0.833036180891575 0 0.731798057136306 0 0 0 0 0 0 0 0.616216325519737 0 0 0 0 0 0 0.601756223477628 0 0.659218298047036 0 0 0 0 0 0 0
0 0 0 0 0.727872868930464 0.833036180891575 1 0 0.616752287893409 0 0 0 0 0 0 0 0 0 0 0 0 0 0 0 0 0 0 0 0 0 0 0 0
0.81448553149247 0.824711819944039 0 0 0 0 0 1 0.691085905201959 0 0 0.627569472891518 0.843353251409003 0.6390129173938 0.761185083722997 0.662186299732957 0.865588222353031 0.804703581811853 0 0.749970433702293 0 0.746590704399743 0 0.752066796992098 0 0.808356451120432 0.745477277144275 0.8454990382596 0 0 0 0 0
0.657536892220273 0.709778585792822 0 0 0.640972245408079 0.731798057136306 0.616752287893409 0.691085905201959 1 0 0 0 0.667444782153306 0 0 0 0.703867643806342 0.649882689603206 0 0 0 0 0 0.644116347742082 0 0.615426108987285 0.698139053370011 0.711751066285021 0 0 0 0 0
0 0 0 0 0 0 0 0 0 1 0 0 0 0 0 0.691637291079138 0 0 0 0.662520353752289 0 0.656778712426455 0 0 0 0 0 0 0 0 0 0 0
0 0.665413622919248 0.696931884126246 0 0 0 0 0 0 0 1 0.759950581914019 0.751316798822909 0.707521938265658 0.609882489877603 0.732986431282695 0 0 0 0.745722083527996 0 0.732848342843601 0 0 0.720016571241846 0 0.718049692471652 0.677083588533896 0 0 0 0.692054656504185 0.727819566890694
0.611259834008083 0.666079793717021 0 0 0 0 0 0.627569472891518 0 0 0.759950581914019 1 0.711577288881496 0.678817591798975 0 0.661626202093318 0 0 0.649668293215935 0.811161223579507 0 0.755843213727378 0.63286395145285 0 0.762097453399407 0.616722679590227 0.775638859669463 0.763156307219779 0 0 0 0.656352663928373 0.642841122168982
0.820657591999096 0.905577783705684 0.703129636817336 0 0 0 0 0.843353251409003 0.667444782153306 0 0.751316798822909 0.711577288881496 1 0.759960662012765 0.782662972409637 0.74980746722975 0.800812073244141 0.793201867497016 0 0.800543504643128 0 0.836787889670528 0 0 0.603777565633511 0.778874729110361 0.807104214310226 0.846948369839462 0 0 0 0 0
0.71429130275329 0.679614202129196 0 0 0 0 0 0.6390129173938 0 0 0.707521938265658 0.678817591798975 0.759960662012765 1 0.807868106377233 0.626956541822341 0.604368637692906 0 0 0.703293269917495 0 0.7155258601161 0 0 0 0 0.768105746575418 0.728451716622259 0 0 0 0 0
0.806968643249853 0.762771894392598 0 0 0 0 0 0.761185083722997 0 0 0.609882489877603 0 0.782662972409637 0.807868106377233 1 0.683770400892416 0.700398398361874 0.785920962770383 0 0.733095708989875 0 0.715366165601273 0 0 0 0.632202803837224 0.760942557495637 0.820765661318014 0 0 0 0 0
0.612192050119574 0.667391426788179 0.620157177710005 0 0 0 0 0.662186299732957 0 0.691637291079138 0.732986431282695 0.661626202093318 0.74980746722975 0.626956541822341 0.683770400892416 1 0.607252429593002 0.605912806688986 0.70322737766432 0.843351802152753 0 0.774783645633104 0 0 0.645095882078053 0.604279024290863 0.694862539078186 0.745706966771091 0 0 0 0.645781505881648 0.669346950643121
0.821645164689656 0.834715833726851 0 0 0 0.616216325519737 0 0.865588222353031 0.703867643806342 0 0 0 0.800812073244141 0.604368637692906 0.700398398361874 0.607252429593002 1 0.734099257109068 0 0.699704673274008 0 0.814022796595783 0 0.727312458519439 0 0.672057858341628 0.800991158857265 0.855300994918543 0 0 0 0 0
0.775944923476129 0.819247205115309 0 0.627867199710435 0.647881906902571 0 0 0.804703581811853 0.649882689603206 0 0 0 0.793201867497016 0 0.785920962770383 0.605912806688986 0.734099257109068 1 0 0.672566867674656 0 0.657975441134812 0 0 0 0.853739506224167 0.648026758145784 0.8226494307827 0 0 0 0 0
0 0 0 0 0 0 0 0 0 0 0 0.649668293215935 0 0 0 0.70322737766432 0 0 1 0.666290871480651 0 0.682042641348532 0 0 0 0 0 0.616955321335968 0 0 0 0.63482522600055 0.722310898198753
0.740204864389175 0.78136434824959 0 0 0 0 0 0.749970433702293 0 0.662520353752289 0.745722083527996 0.811161223579507 0.800543504643128 0.703293269917495 0.733095708989875 0.843351802152753 0.699704673274008 0.672566867674656 0.666290871480651 1 0 0.805086544277715 0.671216760754848 0 0.689420456072002 0.62981508431429 0.830929451851039 0.851556305022514 0 0 0 0.665765831130702 0
0 0 0 0 0 0 0 0 0 0 0 0 0 0 0 0 0 0 0 0 1 0 0 0 0 0 0 0 0 0 0 0 0
0.747919060778245 0.800944120033524 0.639196956450485 0 0 0 0 0.746590704399743 0 0.656778712426455 0.732848342843601 0.755843213727378 0.836787889670528 0.7155258601161 0.715366165601273 0.774783645633104 0.814022796595783 0.657975441134812 0.682042641348532 0.805086544277715 0 1 0 0 0.617290287881393 0.664185922483477 0.860082331640462 0.879598113905575 0 0 0 0 0.633646718140873
0 0 0 0 0 0 0 0 0 0 0 0.63286395145285 0 0 0 0 0 0 0 0.671216760754848 0 0 1 0 0.738778673200282 0 0.657311009254665 0 0 0 0 0.784964675778213 0
0.749309439565318 0.631439772819438 0 0 0 0.601756223477628 0 0.752066796992098 0.644116347742082 0 0 0 0 0 0 0 0.727312458519439 0 0 0 0 0 0 1 0 0.625605496078674 0 0.672966277271036 0 0 0 0 0
0 0 0 0 0 0 0 0 0 0 0.720016571241846 0.762097453399407 0.603777565633511 0 0 0.645095882078053 0 0 0 0.689420456072002 0 0.617290287881393 0.738778673200282 0 1 0 0.654348896812392 0 0 0 0.616594333370252 0.668111533506463 0.646910604632146
0.69707911084949 0.781452706995265 0 0.602950285438357 0.647379024329937 0.659218298047036 0 0.808356451120432 0.615426108987285 0 0 0.616722679590227 0.778874729110361 0 0.632202803837224 0.604279024290863 0.672057858341628 0.853739506224167 0 0.62981508431429 0 0.664185922483477 0 0.625605496078674 0 1 0 0.77667482222781 0 0 0 0 0
0.806160989612047 0.84767042965363 0 0 0 0 0 0.745477277144275 0.698139053370011 0 0.718049692471652 0.775638859669463 0.807104214310226 0.768105746575418 0.760942557495637 0.694862539078186 0.800991158857265 0.648026758145784 0 0.830929451851039 0 0.860082331640462 0.657311009254665 0 0.654348896812392 0 1 0.886989685168817 0 0 0 0 0
0.861037565080105 0.877951593050549 0 0 0.61797673517885 0 0 0.8454990382596 0.711751066285021 0 0.677083588533896 0.763156307219779 0.846948369839462 0.728451716622259 0.820765661318014 0.745706966771091 0.855300994918543 0.8226494307827 0.616955321335968 0.851556305022514 0 0.879598113905575 0 0.672966277271036 0 0.77667482222781 0.886989685168817 1 0 0 0 0 0
0 0 0 0 0 0 0 0 0 0 0 0 0 0 0 0 0 0 0 0 0 0 0 0 0 0 0 0 1 0 0 0.631421084171218 0
0 0 0 0 0 0 0 0 0 0 0 0 0 0 0 0 0 0 0 0 0 0 0 0 0 0 0 0 0 1 0 0 0
0 0 0 0 0 0 0 0 0 0 0 0 0 0 0 0 0 0 0 0 0 0 0 0 0.616594333370252 0 0 0 0 0 1 0 0
0 0 0 0 0 0 0 0 0 0 0.692054656504185 0.656352663928373 0 0 0 0.645781505881648 0 0 0.63482522600055 0.665765831130702 0 0 0.784964675778213 0 0.668111533506463 0 0 0 0.631421084171218 0 0 1 0.795524693367974
0 0 0 0 0 0 0 0 0 0 0.727819566890694 0.642841122168982 0 0 0 0.669346950643121 0 0 0.722310898198753 0 0 0.633646718140873 0 0 0.646910604632146 0 0 0 0 0 0 0.795524693367974 1
