1 0 0 0 0 0 0 0 0 0 0 0 0 0 0.0247882899609249 0 0 0 0 0 0 0 0 0 0 0 0 0 0 0 0 0 0 0 0 0 0 0 0 0.0715890432031308 0 0 0 0 0 0 0 0 0 0 0 0 0 0 0 0 0 0 0 0 0 0 0 0 0 0 0 0 0 0 0 0 0 0 0 0 0 0 0 0 0 0 0 0 0 0 0 0 0 0 0 0 0 0 0 0 0 0 0 0
0 1 0 0 0 0.131007231920834 0 0 0 0 0 0 0 0 0 0 0 0 0 0 0 0 0 0 0 0 0 0.0198233612351709 0 0 0 0 0 0 0 0 0 0 0 0 0 0 0 0 0.108616185501555 0 0 0 0 0 0 0 0 0 0.0122762032072952 0 0 0 0 0 0 0 0 0 0 0 0 0 0 0 0 0 0 0 0 0 0 0 0 0.108828131578877 0 0 0 0 0 0 0 0 0 0.0465044997778152 0 0 0 0 0.00299110106250644 0 0 0 0 0.135400236391863
0 0 1 0 0 0 0 0 0 0 0 0 0 0 0 0 -0.040667271711722 0.1737561530346 0 0 0.180470156896997 0 0 0.212419689764983 0 0 0.0201326531411906 0 0 0 0 0.100008203901888 0 0 0 0 0 0 0 0 0 0 0 0 0 0 0 0 0 0 0 0.135095876692322 0 0.142297424089998 0 0 0 0 0 0 0 0 0 0 0 0 0 0 0 0 0 0 0 0 0 0 0.165918896658805 0 0 0 0 0 0 0 0 0 0 0 0 -0.0210571443080106 0 0 0 0 0 0 0 0 0 0
0 0 0 1 0 0 0 0 0 0 0 0 0 0 0 0 0.112518937825689 0 0 0 0 0 0 0 0 0 0 0 0 0 0 0 0 0 0 0 0 0 0 0 0 0 0 0 0 0 0 0 0 0 0 0 0 0 0 0 0 0 0 0 0 0 0 0 0 0 0 0 0 0 0 0 0 0 0 0 0 0 0 0 0 0 0 0 0 0 0 0 0 0 0 0 0 0 0 0 0.0481911485393699 0 0 0
0 0 0 0 1 0.222042613636483 0 0 0 0 0 0 0 0.152024107020894 0.0472025228925543 0 0 0 0 0 0 0 0 0 0.0238846262882924 0.147486497596794 0 0.243920715478846 0.0730752726020497 0 0 0 0 0 0 0 0.148070428168278 0 0 0 0 0 0.116404222019053 0.0174783824756488 0 0 0 0.186015721282961 0.0966077249271258 0 0 -0.0110106328174476 0 0 0 0 0 0 0.029709110130301 0.260918866583833 0 0 0 0 0.222243416689842 0 0.11057207049116 0 0 0 0.0263783477776576 0 0 0 0 0 -0.0522723817948962 0 0.241238559044394 0 0 0 0 0 0 0 0 0.00643698313094532 0 0.2107328286959 0 0 0 0 0 0 0 0 0 0.111928217868586
0 0.131007231920834 0 0 0.222042613636483 1 0 0 0 0 0.00525393000767727 0 0 0.0729715179973512 0.0437795545032128 0 0 0 0 0 0 0 0 0 0 0.112313802191916 0 0.190438027597059 0 0 0.0377533969268657 0 0 0 0 0 0.14369197750333 0 0 0 0 0 0 0.0333565360478271 0.0213117690907422 0 0 0.118241540863384 0.133185309789395 0 0 0 0 0 0 0 0 0 0.05960581911013 0.208024170053167 0 0 0 0 0.150611565272789 0 0 0 0 0 0.0792427314193448 0 0 0 0 0 0 0 0.193273225987046 0.116877303152981 0 0.0569242073554526 0 0 0 0 0 0.0234336468616045 0 0.212050426337176 0 0 0 0 0 0 0 0 0 0.22394178774679
0 0 0 0 0 0 1 0 0 0 0 0 0 0 0 0 0 0 0 0 0 0 0 0 0 0 0 0 0 0 0 0 0 0 0 0 0 0 0 0 0 0 0 0 0 0 0 0 0 0 0 0 0 0 0 0 0 0 0 0 0 0 0 0 0 0 0 0 0 0 0 0 0 0 0 0 0 0 0 0 0 0 0 0 0 0 0 0 0 0 0 0 0 0 0 0 0 0 0 0
0 0 0 0 0 0 0 1 0 0 0 0 0 0 0 0 0 0 0 0 0 0 0 0 0 0 0 0 0 0 0 0 0 0 0 0 0 0 0 0 0 0 0 0 0 0 0 0 0 0 0 0 0 0 0 0 0 0 0 0 0 0 0 0 0 0 0 0 0 0 0 0 0 0 0 0 0 0 0 0 0 0 0 0 0 0 0 0 0 0.0438606070234572 0 0 0 0 0 0 0 0 0 0
0 0 0 0 0 0 0 0 1 0 0 0 0 0 0 0 0 0 0 0 0 0 0 0 0 0 0 0 0 0 0 0 0 0 0 0 0 0 0 0 0 0 0 0 0 0 0 0 0 0 0 0 0 0 0 0 0 0 0 0 0 0 0 0 0 0 0 0 0 0 0 0 0 0 0 0 0 0 0 0 0 0 0 0 0 0 0 0 0 0 0 0 0 0 0 0 0 0 0 0
0 0 0 0 0 0 0 0 0 1 0 0 0 0 0 0 0 0 0 0 0 0 0 0 0 0 0 0 0 0 0 0 0 0 0 0 0.013674137354225 0 0 0 0 0 0 0 0 0 0 0 0.00109231591289727 0 0 0 0 0 0 0 0 0 0 0 0 0 0 0 0 0 0 0 0 0 0 0 0 0 0 0 0 0 0 0 0 0 0 0 0 0 0 0 0 0 0 0 0 0 0 0 0 0 0 0
0 0 0 0 0 0.00525393000767727 0 0 0 0 1 0 0 0 0 0 0.00310457226647232 0 0 0 0 0 0 0 0 0 0 0 0 0 0 0 0 0 0 0 0 0 0 0 0 0 0 0 0 0 0 0 0 0 0 0 0 0 0 0 0 0 0 0 0 0 0 0 0 0 0 0 0 0 0 0 0 0 0 0 0 0 0 0 0 0 0 0 0 0 0 0 0 0.0777387447061092 0 0 0 0 0 0 0 0 0 0
0 0 0 0 0 0 0 0 0 0 0 1 0 0 0 0 0 0 0 0 0 0 0 0 0 0 0 0 0 0 0 0 0 0 0 0 0 0 0 0 0 0 0 0 0 0 0 0 0 0 0 0 0 0 0 0 0 0 0 0 0 0 0 0 0 0 0 0 0 0 0 0 0 0 0 0 0 0 0 0 0 0 0 0 0 0 0 0 0 0 0 0 0 0 0 0 0 0 0 0
0 0 0 0 0 0 0 0 0 0 0 0 1 0 0 0 0 0 0 0 0 0 0 0 0 0 0 0 0 0 0 0 0 0 0 0 0 0 0 0 0 0 0 0 0 0 0 0 0 0 0 0 0 0 0 0 0 0 0 0 0 0 0 0 0 0 0 0 0 0 0 0 0 0 0 0 0 0 0 0 0 0 0 0 0 0 0 0 0 0 0 0 0 0 0 0 0.105305492468203 0 0 0
0 0 0 0 0.152024107020894 0.0729715179973512 0 0 0 0 0 0 0 1 0.0231182778863362 0 0 0 0 0 0 0 0 0 0 0.131717427725055 0 0.0472707904767955 0.124943525111315 0 0 0 0 0 0 0 0.0218738737544243 0 0 0 0 0.106925445103022 0 0 0 0 0 0.0978341529340647 0.0671047435176088 0 0 0 0 0 0 0 0 0 0 0.0911087932161223 0 0 0 0 0.097414344312628 0 0.108503437664651 0 0 0 0 0 0 0 0 0 -0.00898571844694485 0 0.154102221675481 0.00143474755180595 0 0 0 0 0 0 0 0 0 0.0637981939242138 0 0 0 0 0.00589310209336191 0 0 0.0496605168983099 0 0.0399637919282351
0.0247882899609249 0 0 0 0.0472025228925543 0.0437795545032128 0 0 0 0 0 0 0 0.0231182778863362 1 0 0 0 0 0 0 0 0 0 0 0 0 0.0882674059411556 0 0 0 0 0 0 0 0 0.132701050247397 0 0 0 0 0 0 0 0 0 0 0 0.167884204980675 0 0 0 0 0 0 0 0 0 0 0 0 0 0 0 0.0683438446489673 0 0 0 0 0 0 0 0 0 0 0 0 0 0.0594861230271195 0.0216959116211733 0 0 0 0 0 0 0 0.0325255997344202 0 0.0835139012161037 0 0 0 0 0 0 0 0 0 0
0 0 0 0 0 0 0 0 0 0 0 0 0 0 0 1 0.0283597154564447 0 0.0895832912085596 0.0738058690089756 0 0 0.208858300153646 0 0 0 0 0 0 0 0 0 0 0 0 0 0 0 0 0 0 0 0 0 0 0 0 0 0 0 0 0 0 0 0 0.0652384043738065 0 0 0 0 0 0 0 0 0 0 0 0 0 0 0 0 0 0 0 0 0 0 0 0 0 0 0 0 0 0 0 0 0 0 0 0 0 0 0 0 0 0 0 0
0 0 -0.040667271711722 0.112518937825689 0 0 0 0 0 0 0.00310457226647232 0 0 0 0 0.0283597154564447 1 0 0 0 -0.0173902327574725 0 0 0 0 0 0 0.0311431584635367 0 0 0 0 0 0 0 0 0 0 0 0 0 0 0 0 0 0 0 0 0 0 0 -0.0580023412569882 0 0 0 0 0 0 0 0 0 0 0 0 0 0 0 0 0 0 0 0 0 0 0 0 -0.112073895207787 0 0 0 0 0 0 0 0 0 0 0 0 0.0331097231860127 0 0 0 0 0 0 0 0 0 0
0 0 0.1737561530346 0 0 0 0 0 0 0 0 0 0 0 0 0 0 1 0 0 0.191628635956479 0 0 0.12532257713264 0 0 0 0 0 0 0 0.00462883390834246 0 0 0 0 0 0 0 0 0 0 0 0 0 0 0 0 0 0 0 0 0 0.216737827120794 0 0 0 0 0 0 0 0 0 0 0 0 0 0 -0.0135111672019144 0 0 0 0 0 0 0 0 0 0 0 0 0 0 0 0 0 0 0 0 0 0 0 0 0 0 0 0 0 0 0
0 0 0 0 0 0 0 0 0 0 0 0 0 0 0 0.0895832912085596 0 0 1 0 0 0 0 0 0 0 0 0 0 0 0 0 0 0 0 0 0 0 0 0 0 0 0 0 0 0 0 0 0 0 0 0 0 0 0 0 0 0 0 0 0 0 0 0 0 0 0 0 0 0 0 0 0 0 0 0 0 0 0 0 0 0 0 0 0 0 0 0 0 0 0 0 0 0 0 0 0 0 0 0
0 0 0 0 0 0 0 0 0 0 0 0 0 0 0 0.0738058690089756 0 0 0 1 0 0 0.132050289250586 0 0 0 -0.00689920148006584 0 0 0 0 0 0 0 0 0 0 0 0 0 0 0 0 0 0 0 0 0 0 0 0 0 0 0 0 0 0 0 0 0 0 0 0 0 0 0 0 0 0 0 0 0 0 0 0 0 0 0 0 0 0 0 0 0 0 0 0 0 0 0 0 0 0 0 0 0 0 0 0 0
0 0 0.180470156896997 0 0 0 0 0 0 0 0 0 0 0 0 0 -0.0173902327574725 0.191628635956479 0 0 1 0 0 0.118632677290912 0 0 0.106877276669431 0 0 0 0 0.0707310502557624 0 0 0 0 0 0 0 0 0 0 0 0 0 0 0 0 0 0 0 0.10616114550513 0 0.0613765996004552 0 0 0 0 0 0 0 0 0 0 0 0 0 0 0 0 0 0 0 0 0 0 0.0487198165053899 0 0 0 0 0 0 0 0 0 0 0 0 0 0 0 0 0 0 0 0 0 0 0
0 0 0 0 0 0 0 0 0 0 0 0 0 0 0 0 0 0 0 0 0 1 0 0 0 0 0 0 0 0 0 0 0 0 0 0 0 0 0 0 0 0 0 0 0 0 0 0 0 0 0 0 0 0 0 0 0 0 0 0 0 0 0 0 0 0 0 0 0 0 0 0 0 0 0 0 0 0 0 0 0 0 0 0 0 0 0 0 0 0 0 0 0 0 0 0 0 0 0 0
0 0 0 0 0 0 0 0 0 0 0 0 0 0 0 0.208858300153646 0 0 0 0.132050289250586 0 0 1 0 0 0 0 0 0 0 0 0 0 0 0 0 0 0 0 0 0 0 0 0 0 0 0 0 0 0 0 0 0 0 0 0 0 0 0 0 0 0 0 0 0 0 0 0 0 0 0 0 0 0 0 0 0 0.0156181512748934 0 0 0 0 0 0 0 0 0 0 0 0 0 0 0 0 0 0 0 0 0 0
0 0 0.212419689764983 0 0 0 0 0 0 0 0 0 0 0 0 0 0 0.12532257713264 0 0 0.118632677290912 0 0 1 0 0 0 0 0 0 0 0.100130369484182 0 0 0 0 0 0 0 0 0 0 0 0 0 0 0 0 0 0 0 0.100784551722443 0 0.121665537718303 0 0 0 0 0 -0.0368095410006006 0 0 0 -0.0193838020572192 0 0 0 0 -0.00662655716631089 0 0 0 0 0 0 0 0.142143387124695 0 0 0 0 0 0 0 -0.0186996131414592 0 0 0 0 -0.0723012480061226 0 0 0 0 0 0 0 0 0 0
0 0 0 0 0.0238846262882924 0 0 0 0 0 0 0 0 0 0 0 0 0 0 0 0 0 0 0 1 0 0 0 0 0 0 0 0 0 0 0 0.00510025766340538 0 0 0 0 0 0 0 0 0 0 0 0 0 0 0 0 0 0 0 0 0 0 0 0 0 0 0 0 0 0 0 0 0 0 0 0 0 0 0 0 0 0 0 0 0 0 0 0 0 0 0 0 0 0 0 0 0 0 0 0 0 0 0
0 0 0 0 0.147486497596794 0.112313802191916 0 0 0 0 0 0 0 0.131717427725055 0 0 0 0 0 0 0 0 0 0 0 1 0 0.0597808681590009 0 0 0 0 0 0 0 0 0.139921223338621 0 0 0 0 0 0 0 0 0 0 0.0973909541775261 0.0913480844488931 0 0 0 0 0 0 0 0 0 0 0.0437125184907319 0 0 0 0 0.0402119232890641 0 0.0466936365219356 0 0 0 0.0192910837957492 0 0 0 0 0 0 0 0.13195710166579 0 0 0 0 0 0 0 0 0 0 0.0201739629821671 0 0 0 0 0 0 0 0 0 0.0720390827127096
0 0 0.0201326531411906 0 0 0 0 0 0 0 0 0 0 0 0 0 0 0 0 -0.00689920148006584 0.106877276669431 0 0 0 0 0 1 0 0 0 0 0.107296851527624 0 0 0 0 0 0 0 0 0 0 0 0 0 0 0 0 0 0 0 0.0806494525583826 0 0 0 0 0 0 0 0 0 0 0 0 0 0 0 0 0 0 0 0 0 0 0 0 0.0483758090610464 0 0 0 0 0 0 0 0 0 0 0 0 0 0 0 0 0 0 0 0 0 0 0
0 0.0198233612351709 0 0 0.243920715478846 0.190438027597059 0 0 0 0 0 0 0 0.0472707904767955 0.0882674059411556 0 0.0311431584635367 0 0 0 0 0 0 0 0 0.0597808681590009 0 1 0 0 0 0 0 0 0 0 0.231119228914358 0 0 0 0 0 0.0310230941313863 0 0.00760151619262872 0 0 0.171435066938715 0.178134521785337 0 0 -0.00487115294979601 0 0 0 0 0 0.05051505288656 0 0.10154822872073 0 0 0 0 0.157380856729865 0 0 0 0 0 0 0 0 0 0 0 -0.0845640238432518 0 0.172598228333289 0.0480243063218611 0 0 0 0 0 0 0 0.0652224234811738 0 0.195951840986718 0 0 0 0 0 0 0 0 0 0.115614396945579
0 0 0 0 0.0730752726020497 0 0 0 0 0 0 0 0 0.124943525111315 0 0 0 0 0 0 0 0 0 0 0 0 0 0 1 0 0 0 0 0 0 0 0 0 0 0 0 0.0697986693193795 0.0709616210762224 0 0 0 0 0.126361410331404 0 0 0 0 0 0 0 0 0 0 0 0 0 0 0 0 0 0 0 0 0 0 0 0 0 0 0 0 0 0 0 0 0 0 0 0 0 0 0 0 0 0 0 0 0 0 0 0 0 0 0 0
0 0 0 0 0 0 0 0 0 0 0 0 0 0 0 0 0 0 0 0 0 0 0 0 0 0 0 0 0 1 0 0 0 0 0 0 0 0 0 0 0 0 0 0 0 0 0 0 0 0 0 0 0 0 0 0 0 0 0 0 0 0 0 0 0 0 0 0 0 0 0 0 0 0 0 0 0 0 0 0 0 0 0 0 0 0 0 0 0 0 0 0 0 0 0 0 0 0 0 0
0 0 0 0 0 0.0377533969268657 0 0 0 0 0 0 0 0 0 0 0 0 0 0 0 0 0 0 0 0 0 0 0 0 1 0 0 0 0 0 0 0 0.0186630473385657 0 0 0 0 0 0 0 0 0 0 0 0 0 0 0 0 0 0 0 0 0 0 0 0 0 0 0 0 0 0 0 0 0 0 0 0 0 0 0 0 0.0094438799170582 0 0 0 0 0 0 0 0 0 0 0 0 0 0 0 0 0 0 0 0
0 0 0.100008203901888 0 0 0 0 0 0 0 0 0 0 0 0 0 0 0.00462883390834246 0 0 0.0707310502557624 0 0 0.100130369484182 0 0 0.107296851527624 0 0 0 0 1 0 0 0 0 0 0 0 0 0 0 0 0 0 0 0 0 0 0 0 0.191241191531906 0 0.0873798712940995 0 0 0 0 0 0 0 0 0 -0.00096500467526861 0 -0.0529935014117124 0 0 -0.0780422402251373 0 0 0 0 0 0 0 0.169755779088785 -0.00566466798289122 0 0 0 0 0 0 0 0 0 0 0 0 0 0 0 0 0 0 0 0 0 0
0 0 0 0 0 0 0 0 0 0 0 0 0 0 0 0 0 0 0 0 0 0 0 0 0 0 0 0 0 0 0 0 1 0 0 0 0 0 0 0 0 0 0 0 0 0 0 0 0 0 0 0 0 0 0 0 0 0 0 0 0 0 0 0 0 0 0 0 0 0 0 0 0 0 0 0 0 0 0 0 0 0 0 0 0 0 0 0 0 0 0 0 0 0 0 0 0 0 0 0
0 0 0 0 0 0 0 0 0 0 0 0 0 0 0 0 0 0 0 0 0 0 0 0 0 0 0 0 0 0 0 0 0 1 0 0 0 0.232308732917091 0 0 0 0 0 0 0 0 0 0 0 0 0 0 0 0 0 0 0 0 0 0 0 0.296993026863245 0 0 0 0 0 0 0 0 0 0 0.212099075928491 0 0 0 0 0 0 0 0 0 0 0 0 0 0 0 0 0 0 0 0 0 0 0 0 0 0 0
0 0 0 0 0 0 0 0 0 0 0 0 0 0 0 0 0 0 0 0 0 0 0 0 0 0 0 0 0 0 0 0 0 0 1 0 0 0 0 0 0 0 0 0 0 0 0 0 0 0 0 0 0 0 0 0 0 0 0 0 0 0 0 0 0 0 0 0 0 0 0 0 0 0 0 0 0 0 0 0 0 0 0 0 0 0 0 0 0 0 0 0 0 0 0 0 0 0 0 0
0 0 0 0 0 0 0 0 0 0 0 0 0 0 0 0 0 0 0 0 0 0 0 0 0 0 0 0 0 0 0 0 0 0 0 1 0 0 0 0 0 0 0 0 0 0 0 0 0 0 0 0 0 0 0 0 0 0 0 0 0 0 0 0 0 0 0 0 0 0 0 0 0 0 0 0 0 0 0 0 0 0 0 0 0 0 0 0 0 0 0 0 0 0 0 0 0 0 0 0
0 0 0 0 0.148070428168278 0.14369197750333 0 0 0 0.013674137354225 0 0 0 0.0218738737544243 0.132701050247397 0 0 0 0 0 0 0 0 0 0.00510025766340538 0.139921223338621 0 0.231119228914358 0 0 0 0 0 0 0 0 1 0 0 0 0 0 0.0262108230141941 0.00347433327782731 0 0 0 0.155280153483511 0.195938919043616 0 0 0 0 0 0 0 0 0 0 0.0236821154137782 0 0 0 0 0.101778626328632 0 0 0 0 0 0 0 0 0 0 0 -0.0310334411792121 0 0.131228621203917 0 0 0 0 0 0 0 0 0 0 0.119564466803996 0 0 0 0 0 0 0 0 0 0.0606922076713866
0 0 0 0 0 0 0 0 0 0 0 0 0 0 0 0 0 0 0 0 0 0 0 0 0 0 0 0 0 0 0 0 0 0.232308732917091 0 0 0 1 0 0 0 0 0 0 0 0 0 0 0 0 0 0 0 0 0 0 0 0 0 0 0 0.300517382320492 0 0 0 0 0 0 0 0 0 0 0.28276486276404 0 0 0 0 0 0 0 0 0 0 0 0 0 0 0 0 0 0 0 0 0 0 0 0 0 0 0
0 0 0 0 0 0 0 0 0 0 0 0 0 0 0 0 0 0 0 0 0 0 0 0 0 0 0 0 0 0 0.0186630473385657 0 0 0 0 0 0 0 1 0 0 0.0217819090734686 0 0 0 0 0 0 0 0 0 0 0 0 0 0 0 0 0 0 -0.00932056174258167 0 0 0 0 0 0 0 0 0 0 0 0 0 0 0 0 0 0 0 0 0 0 0 0 0 0 0 0 0 0 0 0 0 0 0 0 0 0 0
0.0715890432031308 0 0 0 0 0 0 0 0 0 0 0 0 0 0 0 0 0 0 0 0 0 0 0 0 0 0 0 0 0 0 0 0 0 0 0 0 0 0 1 0 0 0 0 0 0 0 0 0 0 0 0 0 0 0 0 0 0 0 0 0 0 0 0 0 0 0 0 0 0 0 0 0 0 0 0 0 0 0 0 0 0 0 0 0 0 0 0 0 0 0 0 0 0 0 0 0 0 0 0
0 0 0 0 0 0 0 0 0 0 0 0 0 0 0 0 0 0 0 0 0 0 0 0 0 0 0 0 0 0 0 0 0 0 0 0 0 0 0 0 1 0 0 0 0 0 0 0 0 0 0 0 0 0 0 0 0 0 0 0 0 0 0 0 0 0 0 0 0 0 0 0 0 0 0 0 0 0 0 0 0 0 0 0 0 0 0 0 0 0 0 0 0 0 0 0 0 0 0 0
0 0 0 0 0 0 0 0 0 0 0 0 0 0.106925445103022 0 0 0 0 0 0 0 0 0 0 0 0 0 0 0.0697986693193795 0 0 0 0 0 0 0 0 0 0.0217819090734686 0 0 1 0 0 0 0 0 0.0358093198957651 0.0118334322416854 0 0 0 0 0 0 0 0 0 0 0 0 0 0 0 0 0 0 0 0 0 0 0 0 0 0 0 0 0 0.0553031596581243 0 0 0 0 0 0 0 0 0 0.146351686320028 0 0 0 0 0 0 0 0 0.0871300820171934 0 0
0 0 0 0 0.116404222019053 0 0 0 0 0 0 0 0 0 0 0 0 0 0 0 0 0 0 0 0 0 0 0.0310230941313863 0.0709616210762224 0 0 0 0 0 0 0 0.0262108230141941 0 0 0 0 0 1 0 0 0 0 0.050494539705713 0 0 0 0 0 0 0 0 0 0 0 0 0 0 0 0 0.0530908174918676 0 0 0 0 0 0 0 0 0 0 0 0 0 0.00414897971733807 0 0 0 0 0 0 0 0 0 0 0 0 0 0 0 0 0 0 0 0 0
0 0 0 0 0.0174783824756488 0.0333565360478271 0 0 0 0 0 0 0 0 0 0 0 0 0 0 0 0 0 0 0 0 0 0 0 0 0 0 0 0 0 0 0.00347433327782731 0 0 0 0 0 0 1 0 0 0 0 0 0 0 0 0 0 0 0 0 0 0 0.0105686585777088 0 0 0 0 0 0 0 0 0 0 0 0 0 0 0 0 0 0 0 0 0 0 0 0 0 0 0 0 0 0 0.00517124419590442 0 0 0 0 0 0 0 0 0
0 0.108616185501555 0 0 0 0.0213117690907422 0 0 0 0 0 0 0 0 0 0 0 0 0 0 0 0 0 0 0 0 0 0.00760151619262872 0 0 0 0 0 0 0 0 0 0 0 0 0 0 0 0 1 0 0 0 0 0 0 0 0 0 0 0 0 0.00558133380739889 0 0 0 0 0 0 0 0 0 0 0 0 0 0 0 0 0 0 0 0 0 0 0 0 0 0 0 0 0 0 0 0 0 0 0 0 0 0 0 0 0 0.0223039506205039
0 0 0 0 0 0 0 0 0 0 0 0 0 0 0 0 0 0 0 0 0 0 0 0 0 0 0 0 0 0 0 0 0 0 0 0 0 0 0 0 0 0 0 0 0 1 0 0 0 0 0 0 0 0 0 0 0 0 0 0 0 0 0 0 0 0 0 0 0 0 0 0 0 0 0 0 0 0 0 0 0 0 0 0 0 0 0 0 0 0 0 0 0 0 0 0 0 0 0 0
0 0 0 0 0 0 0 0 0 0 0 0 0 0 0 0 0 0 0 0 0 0 0 0 0 0 0 0 0 0 0 0 0 0 0 0 0 0 0 0 0 0 0 0 0 0 1 0 0 0 0 0 0 0 0 0 0 0 0 0 0 0 0 0 0 0 0 0 0 0 0 0 0 0 0 0 0 0 -0.0081930991805268 0 0 0 0 0 0 0 0 0 0 0 0 0 0 0 0 0 0 0 0 0
0 0 0 0 0.186015721282961 0.118241540863384 0 0 0 0 0 0 0 0.0978341529340647 0 0 0 0 0 0 0 0 0 0 0 0.0973909541775261 0 0.171435066938715 0.126361410331404 0 0 0 0 0 0 0 0.155280153483511 0 0 0 0 0.0358093198957651 0.050494539705713 0 0 0 0 1 0.0903419198685943 0 0 0 0 0 0 0 0 0.0200662474403682 0 0.0998527946721535 0 0 0 0 0.0923796680695238 0 0 0 0 0 0 0 0 0 0.0627859402618095 0 0 0 0.111854237036467 0 0 0 0 0 0 0 0 0 0 0.0483863678141047 0 0 0 0 0 0 0 0.0295733987895135 0 0
0 0 0 0 0.0966077249271258 0.133185309789395 0 0 0 0.00109231591289727 0 0 0 0.0671047435176088 0.167884204980675 0 0 0 0 0 0 0 0 0 0 0.0913480844488931 0 0.178134521785337 0 0 0 0 0 0 0 0 0.195938919043616 0 0 0 0 0.0118334322416854 0 0 0 0 0 0.0903419198685943 1 0 0 0 0 0 0 0 0 0 0 0 0 0 0 0 0.0696675870314822 0 0 0 0 0 0 0 0 0 0 0 0 0 0.102186462979552 0.0101877677818374 0 0 0 0 0 0 0 0.100685629327354 0.00122933535220804 0.0807326430168385 0 0 0 0 0 0 0 0 0 0.0116325465926663
0 0 0 0 0 0 0 0 0 0 0 0 0 0 0 0 0 0 0 0 0 0 0 0 0 0 0 0 0 0 0 0 0 0 0 0 0 0 0 0 0 0 0 0 0 0 0 0 0 1 0 0 0 0 0 0 0 0 0 0 0 0 0 0 0 0 0 0 0 0 0 0 0 0 0 0 0 0 0 0 0 0 0 0 0 0 0 0 0 0 0 0 0 0 0 0 0 0 0 0
0 0 0 0 0 0 0 0 0 0 0 0 0 0 0 0 0 0 0 0 0 0 0 0 0 0 0 0 0 0 0 0 0 0 0 0 0 0 0 0 0 0 0 0 0 0 0 0 0 0 1 0 0 0 0 0 0 0 0 0 0 0 0 0 0 0 0 0 0 0 0 0 0 0 0 0 0 0 0 0 0 0 0 0 0 0 0 0 0 0 0 0 0 0 0 0 0 0 0 0
0 0 0.135095876692322 0 -0.0110106328174476 0 0 0 0 0 0 0 0 0 0 0 -0.0580023412569882 0 0 0 0.10616114550513 0 0 0.100784551722443 0 0 0.0806494525583826 -0.00487115294979601 0 0 0 0.191241191531906 0 0 0 0 0 0 0 0 0 0 0 0 0 0 0 0 0 0 0 1 0 0.115702018464294 0 0 0 0 0 -0.0255483621431924 0 0 0 0 0 -0.0614256015393437 0 0 -0.113980297712112 0 0 0 0 0 0 0 0.27123402570594 0 0 0 0 0 0 0 0 0 0 0 0 -0.133990530447653 0 0 0 0 0 0 0 0 0 0
0 0 0 0 0 0 0 0 0 0 0 0 0 0 0 0 0 0 0 0 0 0 0 0 0 0 0 0 0 0 0 0 0 0 0 0 0 0 0 0 0 0 0 0 0 0 0 0 0 0 0 0 1 0 0 0 0 0 0 0 0 0 0 0 0 0 0 0 0 0 0 0 0 0 0 0 0 0 0 0 0 0 0 0 0 0 0 0 0 0 0 0 0 0 0 0 0 0 0 0
0 0 0.142297424089998 0 0 0 0 0 0 0 0 0 0 0 0 0 0 0.216737827120794 0 0 0.0613765996004552 0 0 0.121665537718303 0 0 0 0 0 0 0 0.0873798712940995 0 0 0 0 0 0 0 0 0 0 0 0 0 0 0 0 0 0 0 0.115702018464294 0 1 0 0 0 0 0 0 0 0 0 0 0 -0.0357154264085514 0 0 -0.134957743800704 0 0 0 0 0 0 0 0.125413040378731 -0.0782567155048337 0 0 0 0 0 0 0 0 0 0 0 -0.0394028390303116 0 0 0 0 0 0 0 0 0 0
0 0.0122762032072952 0 0 0 0 0 0 0 0 0 0 0 0 0 0 0 0 0 0 0 0 0 0 0 0 0 0 0 0 0 0 0 0 0 0 0 0 0 0 0 0 0 0 0 0 0 0 0 0 0 0 0 0 1 0 0 0 0 0 0 0 0 0 0 0 0 0 0 0 0 0 0 0 0 0 0 0 0 0 0 0 0 0 0 0 0 0 0 0 0 0 0 0 0 0 0 0 0 0
0 0 0 0 0 0 0 0 0 0 0 0 0 0 0 0.0652384043738065 0 0 0 0 0 0 0 0 0 0 0 0 0 0 0 0 0 0 0 0 0 0 0 0 0 0 0 0 0 0 0 0 0 0 0 0 0 0 0 1 0 0 0 0 0 0 0 0 0 0 0 0 0 0 0 0 0 0 0 0 0 0 0 0 0 0 0 0 0 0 0 0 0 0 0 0 0 0 0 0 0 0 0 0
0 0 0 0 0 0 0 0 0 0 0 0 0 0 0 0 0 0 0 0 0 0 0 0 0 0 0 0 0 0 0 0 0 0 0 0 0 0 0 0 0 0 0 0 0 0 0 0 0 0 0 0 0 0 0 0 1 0 0 0 0 0 0 0 0 0 0 0 0 0 0 0 0 0 0 0 0 0 0 0 0 0 0 0 0 0 0 0 0 0 0 0 0 0 0 0 0 0 0 0
0 0 0 0 0 0 0 0 0 0 0 0 0 0 0 0 0 0 0 0 0 0 0 0 0 0 0 0.05051505288656 0 0 0 0 0 0 0 0 0 0 0 0 0 0 0 0 0.00558133380739889 0 0 0.0200662474403682 0 0 0 0 0 0 0 0 0 1 0 0 0 0 0 0 0 0 0 0 0 0 0 0 0 0 0 0 0 0 0 0 0 0 0 0 0 0 0 0 0 0 0 0 0 0 0 0 0 0 0 0
0 0 0 0 0.029709110130301 0.05960581911013 0 0 0 0 0 0 0 0 0 0 0 0 0 0 0 0 0 0 0 0 0 0 0 0 0 0 0 0 0 0 0 0 0 0 0 0 0 0 0 0 0 0 0 0 0 0 0 0 0 0 0 0 1 0 0 0 0 0 0.0237372320547473 0 0 0 0 0 0 0 0 0 0 0 0 0 0 0 0 0 0 0 0 0 0 0 0 0 0 0 0 0 0 0 0 0 0 0
0 0 0 0 0.260918866583833 0.208024170053167 0 0 0 0 0 0 0 0.0911087932161223 0 0 0 0 0 0 0 0 0 -0.0368095410006006 0 0.0437125184907319 0 0.10154822872073 0 0 0 0 0 0 0 0 0.0236821154137782 0 0 0 0 0 0 0.0105686585777088 0 0 0 0.0998527946721535 0 0 0 -0.0255483621431924 0 0 0 0 0 0 0 1 0 0 0 0.0389477878254364 0.168018149195124 0 0 0 0 0 0.0688055355360251 0 0 0 0 0 -0.0510971560064291 0 0.192555825487022 0 0 0 0 0 0 0 0 0 0 0.215924498248125 0 0 0 0 0 0 0 0 0 0.126959587006953
0 0 0 0 0 0 0 0 0 0 0 0 0 0 0 0 0 0 0 0 0 0 0 0 0 0 0 0 0 0 0 0 0 0 0 0 0 0 -0.00932056174258167 0 0 0 0 0 0 0 0 0 0 0 0 0 0 0 0 0 0 0 0 0 1 0 0 0 0 0 0 0 0 0 0 0 0 0 0 0 0 0 0 0 0 0 0 0 0 0 0 0 0 0 0 0 0 0 0 0 0 0 0 0
0 0 0 0 0 0 0 0 0 0 0 0 0 0 0 0 0 0 0 0 0 0 0 0 0 0 0 0 0 0 0 0 0 0.296993026863245 0 0 0 0.300517382320492 0 0 0 0 0 0 0 0 0 0 0 0 0 0 0 0 0 0 0 0 0 0 0 1 0 0 0 0 0 0 0 0 0 0 0.191384663327824 0 0 0 0 0 0 0 0 0 0 0 0 0 0 0 0 0 0 0 0 0 0 0 0 0 0 0
0 0 0 0 0 0 0 0 0 0 0 0 0 0 0 0 0 0 0 0 0 0 0 0 0 0 0 0 0 0 0 0 0 0 0 0 0 0 0 0 0 0 0 0 0 0 0 0 0 0 0 0 0 0 0 0 0 0 0 0 0 0 1 0 0 0 0 0 0 0 0 0 0 0 0 0 0 0 0 0 0 0 0 0 0 0 0 0 0 0 0 0 0 0 0 0 0 0 0 0
0 0 0 0 0 0 0 0 0 0 0 0 0 0 0 0 0 0 0 0 0 0 0 -0.0193838020572192 0 0 0 0 0 0 0 -0.00096500467526861 0 0 0 0 0 0 0 0 0 0 0 0 0 0 0 0 0 0 0 0 0 0 0 0 0 0 0 0.0389477878254364 0 0 0 1 0 0 0 0 0 0 0 0 0 0 0 0 -0.0507516679097793 0 0 0 0 0 0 0 0 0 0 0 0 0 0 0 0 0 0 0 0 0 0 0
0 0 0 0 0.222243416689842 0.150611565272789 0 0 0 0 0 0 0 0.097414344312628 0.0683438446489673 0 0 0 0 0 0 0 0 0 0 0.0402119232890641 0 0.157380856729865 0 0 0 0 0 0 0 0 0.101778626328632 0 0 0 0 0 0.0530908174918676 0 0 0 0 0.0923796680695238 0.0696675870314822 0 0 0 0 0 0 0 0 0 0.0237372320547473 0.168018149195124 0 0 0 0 1 0 0 0 0 0 0 0 0 0 0 0 -0.0787545529719778 0 0.0894823559967872 0.0164561822389377 0 0 0.00201327680142127 0 0 0 0 0 0 0.154154167959224 0 0 0 0 0 0 0 0 0 0.0540479780283443
0 0 0 0 0 0 0 0 0 0 0 0 0 0 0 0 0 0 0 0 0 0 0 0 0 0 0 0 0 0 0 -0.0529935014117124 0 0 0 0 0 0 0 0 0 0 0 0 0 0 0 0 0 0 0 -0.0614256015393437 0 -0.0357154264085514 0 0 0 0 0 0 0 0 0 0 0 1 0 0 0.145279273482752 0 0 0 0 0 0 0 0 0.0783872553628171 0 0 0 0 0 0 0.0405401820059964 0 0 0 0 0 0 0.00216262615137874 0 0 0 0 0 0 0 0
0 0 0 0 0.11057207049116 0 0 0 0 0 0 0 0 0.108503437664651 0 0 0 0 0 0 0 0 0 0 0 0.0466936365219356 0 0 0 0 0 0 0 0 0 0 0 0 0 0 0 0 0 0 0 0 0 0 0 0 0 0 0 0 0 0 0 0 0 0 0 0 0 0 0 0 1 0 0 0 0 0 0 0 0 0 0 0 0.122107296467913 0 0 0 0 0 0 0 0 0.0128286620084003 0 0 0 0 0 0 0.0342890529811475 0 0 0 0 0
0 0 0 0 0 0 0 0 0 0 0 0 0 0 0 0 0 0 0 0 0 0 0 0 0 0 0 0 0 0 0 0 0 0 0 0 0 0 0 0 0 0 0 0 0 0 0 0 0 0 0 0 0 0 0 0 0 0 0 0 0 0 0 0 0 0 0 1 0 0 0 0 0 0 0 0 0 0 0 0 0 0 0 0 0 0 0 0 0 0 0 0 0 0 0 0 0 0 0 0
0 0 0 0 0 0 0 0 0 0 0 0 0 0 0 0 0 -0.0135111672019144 0 0 0 0 0 -0.00662655716631089 0 0 0 0 0 0 0 -0.0780422402251373 0 0 0 0 0 0 0 0 0 0 0 0 0 0 0 0 0 0 0 -0.113980297712112 0 -0.134957743800704 0 0 0 0 0 0 0 0 0 0 0 0.145279273482752 0 0 1 0 0 0 0 0 0 0 -0.0665040417889259 0.073287898582495 0 0 0 0 0 0 0 0 0 0 0 0.0205401910225549 0 0.00318109700844527 0 0 0 0 0 0 0 0
0 0 0 0 0 0 0 0 0 0 0 0 0 0 0 0 0 0 0 0 0 0 0 0 0 0 0 0 0 0 0 0 0 0 0 0 0 0 0 0 0 0 0 0 0 0 0 0 0 0 0 0 0 0 0 0 0 0 0 0 0 0 0 0 0 0 0 0 0 1 0 0 0 0 0 0 0 0 0 0 0 0 0 0 0 0 0 0 0 0 0 0 0 0 0 0 0 0 0 0
0 0 0 0 0.0263783477776576 0.0792427314193448 0 0 0 0 0 0 0 0 0 0 0 0 0 0 0 0 0 0 0 0.0192910837957492 0 0 0 0 0 0 0 0 0 0 0 0 0 0 0 0 0 0 0 0 0 0 0 0 0 0 0 0 0 0 0 0 0 0.0688055355360251 0 0 0 0 0 0 0 0 0 0 1 0 0 0 0 0 0 0 0.0345011106617217 0 0 0 0 0 0 0 0 0 0 0.00571704785135452 0 0 0 0 0 0 0 0 0 0.0278863660587566
0 0 0 0 0 0 0 0 0 0 0 0 0 0 0 0 0 0 0 0 0 0 0 0 0 0 0 0 0 0 0 0 0 0 0 0 0 0 0 0 0 0 0 0 0 0 0 0 0 0 0 0 0 0 0 0 0 0 0 0 0 0 0 0 0 0 0 0 0 0 0 1 0 0 0 0 0 0 0 0 0 0 0 0 0 0 0 0 0 0.0314235414738416 0.0448166500334272 0 0 0 0 0 0 0 0 0
0 0 0 0 0 0 0 0 0 0 0 0 0 0 0 0 0 0 0 0 0 0 0 0 0 0 0 0 0 0 0 0 0 0.212099075928491 0 0 0 0.28276486276404 0 0 0 0 0 0 0 0 0 0 0 0 0 0 0 0 0 0 0 0 0 0 0 0.191384663327824 0 0 0 0 0 0 0 0 0 0 1 0 0 0 0 0 0 0 0 0 0 0 0 0 0 0 0 0 0 0 0 0 0 0 0 0 0 0
0 0 0 0 0 0 0 0 0 0 0 0 0 0 0 0 0 0 0 0 0 0 0 0 0 0 0 0 0 0 0 0 0 0 0 0 0 0 0 0 0 0 0 0 0 0 0 0 0 0 0 0 0 0 0 0 0 0 0 0 0 0 0 0 0 0 0 0 0 0 0 0 0 1 0 0 0 0 0 0 0 0 0 0 0 0 0 0 0 0 0 0 0 0 0 0 0 0 0 0
0 0 0 0 0 0 0 0 0 0 0 0 0 0 0 0 0 0 0 0 0 0 0 0 0 0 0 0 0 0 0 0 0 0 0 0 0 0 0 0 0 0 0 0 0 0 0 0.0627859402618095 0 0 0 0 0 0 0 0 0 0 0 0 0 0 0 0 0 0 0 0 0 0 0 0 0 0 1 0 0 0 0 0 0 0 0 0 0 0 0 0 0 0 0 0 0 0 0 0 0 0 0 0
0 0 0 0 0 0 0 0 0 0 0 0 0 0 0 0 0 0 0 0 0 0 0 0 0 0 0 0 0 0 0 0 0 0 0 0 0 0 0 0 0 0 0 0 0 0 0 0 0 0 0 0 0 0 0 0 0 0 0 0 0 0 0 0 0 0 0 0 0 0 0 0 0 0 0 1 0 0 0 0 0 0 0 0 0.00286497757014659 0 0 0 0 0 0 0 0 0 0 0 0 0 0 0
0 0 0.165918896658805 0 -0.0522723817948962 0 0 0 0 0 0 0 0 -0.00898571844694485 0 0 -0.112073895207787 0 0 0 0.0487198165053899 0 0 0.142143387124695 0 0 0.0483758090610464 -0.0845640238432518 0 0 0 0.169755779088785 0 0 0 0 -0.0310334411792121 0 0 0 0 0 0 0 0 0 0 0 0 0 0 0.27123402570594 0 0.125413040378731 0 0 0 0 0 -0.0510971560064291 0 0 0 -0.0507516679097793 -0.0787545529719778 0 0 0 -0.0665040417889259 0 0 0 0 0 0 0 1 0 0 0 0 0 -0.0316789384361152 0 0 0 0 0 0 -0.177607235102658 0 0 0 0 0 0 0 0 0 0
0 0 0 0 0 0 0 0 0 0 0 0 0 0 0 0 0 0 0 0 0 0 0.0156181512748934 0 0 0 0 0 0 0 0 -0.00566466798289122 0 0 0 0 0 0 0 0 0 0 0 0 0 0 0 0 0 0 0 0 0 -0.0782567155048337 0 0 0 0 0 0 0 0 0 0 0 0.0783872553628171 0 0 0.073287898582495 0 0 0 0 0 0 0 0 1 0 0 0 0 0 0 0 0 0 0 0 0 0 0 0 0 0 0 0 0 0 0
0 0 0 0 0.241238559044394 0.193273225987046 0 0 0 0 0 0 0 0.154102221675481 0.0594861230271195 0 0 0 0 0 0 0 0 0 0 0.13195710166579 0 0.172598228333289 0 0 0 0 0 0 0 0 0.131228621203917 0 0 0 0 0.0553031596581243 0.00414897971733807 0 0 0 -0.0081930991805268 0.111854237036467 0.102186462979552 0 0 0 0 0 0 0 0 0 0 0.192555825487022 0 0 0 0 0.0894823559967872 0 0.122107296467913 0 0 0 0.0345011106617217 0 0 0 0 0 0 0 1 0.0400257383537527 0 0 0 0 0 0 0 0.0876791391893778 0 0.193726280944113 0 0 0 0 0.0251768661079308 0 0 0 0 0.13347419926993
0 0.108828131578877 0 0 0 0.116877303152981 0 0 0 0 0 0 0 0.00143474755180595 0.0216959116211733 0 0 0 0 0 0 0 0 0 0 0 0 0.0480243063218611 0 0 0.0094438799170582 0 0 0 0 0 0 0 0 0 0 0 0 0 0 0 0 0 0.0101877677818374 0 0 0 0 0 0 0 0 0 0 0 0 0 0 0 0.0164561822389377 0 0 0 0 0 0 0 0 0 0 0 0 0 0.0400257383537527 1 0 0 0 0 0 0 0 0.0243547917618739 0 0.0219584147039099 0 0 0 0 0.0103711547649783 0 0 0 0 0.0994829059368296
0 0 0 0 0 0 0 0 0 0 0 0 0 0 0 0 0 0 0 0 0 0 0 0 0 0 0 0 0 0 0 0 0 0 0 0 0 0 0 0 0 0 0 0 0 0 0 0 0 0 0 0 0 0 0 0 0 0 0 0 0 0 0 0 0 0 0 0 0 0 0 0 0 0 0 0 0 0 0 0 1 0 0 0 0 0 0 0 0 0 0 0 0 0 0 0 0 0 0 0
0 0 0 0 0 0.0569242073554526 0 0 0 0 0 0 0 0 0 0 0 0 0 0 0 0 0 0 0 0 0 0 0 0 0 0 0 0 0 0 0 0 0 0 0 0 0 0 0 0 0 0 0 0 0 0 0 0 0 0 0 0 0 0 0 0 0 0 0 0 0 0 0 0 0 0 0 0 0 0 0 0 0 0 0 1 0 0 0 0 0 0 0 0 0 0 0 0 0 0 0 0 0 0
0 0 0 0 0 0 0 0 0 0 0 0 0 0 0 0 0 0 0 0 0 0 0 0 0 0 0 0 0 0 0 0 0 0 0 0 0 0 0 0 0 0 0 0 0 0 0 0 0 0 0 0 0 0 0 0 0 0 0 0 0 0 0 0 0.00201327680142127 0 0 0 0 0 0 0 0 0 0 0 -0.0316789384361152 0 0 0 0 0 1 0 0 0 0.00450946870784574 0 0 0.0177137702301181 0 0 0 0 0 0 0 0 0 0
0 0 0 0 0 0 0 0 0 0 0 0 0 0 0 0 0 0 0 0 0 0 0 0 0 0 0 0 0 0 0 0 0 0 0 0 0 0 0 0 0 0 0 0 0 0 0 0 0 0 0 0 0 0 0 0 0 0 0 0 0 0 0 0 0 0 0 0 0 0 0 0 0 0 0 0 0 0 0 0 0 0 0 1 0 0 0 0 0 0 0 0 0 0 0 0 0 0 0 0
0 0 0 0 0 0 0 0 0 0 0 0 0 0 0 0 0 0 0 0 0 0 0 -0.0186996131414592 0 0 0 0 0 0 0 0 0 0 0 0 0 0 0 0 0 0 0 0 0 0 0 0 0 0 0 0 0 0 0 0 0 0 0 0 0 0 0 0 0 0.0405401820059964 0 0 0 0 0 0 0 0 0 0.00286497757014659 0 0 0 0 0 0 0 0 1 0 0 0 0 0 0 0 0 0 0 0 0 0 0 0
0 0 0 0 0 0 0 0 0 0 0 0 0 0 0 0 0 0 0 0 0 0 0 0 0 0 0 0 0 0 0 0 0 0 0 0 0 0 0 0 0 0 0 0 0 0 0 0 0 0 0 0 0 0 0 0 0 0 0 0 0 0 0 0 0 0 0 0 0 0 0 0 0 0 0 0 0 0 0 0 0 0 0 0 0 1 0 0 0 0 0 0 0 0 0 0 0 0 0 0
0 0 0 0 0 0 0 0 0 0 0 0 0 0 0 0 0 0 0 0 0 0 0 0 0 0 0 0 0 0 0 0 0 0 0 0 0 0 0 0 0 0 0 0 0 0 0 0 0 0 0 0 0 0 0 0 0 0 0 0 0 0 0 0 0 0 0 0 0 0 0 0 0 0 0 0 0 0 0 0 0 0 0.00450946870784574 0 0 0 1 0 0 0 0 0 0 0 0 0 0 0 0 0
0 0 0 0 0.00643698313094532 0.0234336468616045 0 0 0 0 0 0 0 0 0.0325255997344202 0 0 0 0 0 0 0 0 0 0 0 0 0.0652224234811738 0 0 0 0 0 0 0 0 0 0 0 0 0 0 0 0 0 0 0 0 0.100685629327354 0 0 0 0 0 0 0 0 0 0 0 0 0 0 0 0 0 0.0128286620084003 0 0 0 0 0 0 0 0 0 0 0 0.0876791391893778 0.0243547917618739 0 0 0 0 0 0 0 1 0 0.0230155425453596 0 0 0 0 0 0 0 0 0 0.0345170313483875
0 0 0 0 0 0 0 0 0 0 0 0 0 0 0 0 0 0 0 0 0 0 0 0 0 0 0 0 0 0 0 0 0 0 0 0 0 0 0 0 0 0.146351686320028 0 0 0 0 0 0 0.00122933535220804 0 0 0 0 0 0 0 0 0 0 0 0 0 0 0 0 0 0 0 0 0 0 0 0 0 0 0 0 0 0 0 0 0 0 0 0 0 0 0 1 0 0 0 0.0547249045035392 0 0 0 0 0.081114862135089 0 0
0 0.0465044997778152 -0.0210571443080106 0 0.2107328286959 0.212050426337176 0 0.0438606070234572 0 0 0.0777387447061092 0 0 0.0637981939242138 0.0835139012161037 0 0.0331097231860127 0 0 0 0 0 0 -0.0723012480061226 0 0.0201739629821671 0 0.195951840986718 0 0 0 0 0 0 0 0 0.119564466803996 0 0 0 0 0 0 0 0 0 0 0.0483863678141047 0.0807326430168385 0 0 -0.133990530447653 0 -0.0394028390303116 0 0 0 0 0 0.215924498248125 0 0 0 0 0.154154167959224 0 0 0 0.0205401910225549 0 0.00571704785135452 0.0314235414738416 0 0 0 0 -0.177607235102658 0 0.193726280944113 0.0219584147039099 0 0 0.0177137702301181 0 0 0 0 0.0230155425453596 0 1 0 0 0 0 0 0 0 0 0 0.137532424285563
0 0 0 0 0 0 0 0 0 0 0 0 0 0 0 0 0 0 0 0 0 0 0 0 0 0 0 0 0 0 0 0 0 0 0 0 0 0 0 0 0 0 0 0.00517124419590442 0 0 0 0 0 0 0 0 0 0 0 0 0 0 0 0 0 0 0 0 0 0 0 0 0 0 0 0.0448166500334272 0 0 0 0 0 0 0 0 0 0 0 0 0 0 0 0 0 0 1 0 0 0 0 0 0 0 0 0
0 0 0 0 0 0 0 0 0 0 0 0 0 0 0 0 0 0 0 0 0 0 0 0 0 0 0 0 0 0 0 0 0 0 0 0 0 0 0 0 0 0 0 0 0 0 0 0 0 0 0 0 0 0 0 0 0 0 0 0 0 0 0 0 0 0.00216262615137874 0 0 0.00318109700844527 0 0 0 0 0 0 0 0 0 0 0 0 0 0 0 0 0 0 0 0 0 0 1 0 0 0 0 0 0 0 0
0 0 0 0 0 0 0 0 0 0 0 0 0 0 0 0 0 0 0 0 0 0 0 0 0 0 0 0 0 0 0 0 0 0 0 0 0 0 0 0 0 0 0 0 0 0 0 0 0 0 0 0 0 0 0 0 0 0 0 0 0 0 0 0 0 0 0 0 0 0 0 0 0 0 0 0 0 0 0 0 0 0 0 0 0 0 0 0 0.0547249045035392 0 0 0 1 0 0 0 0 0 0 0
0 0 0 0 0 0 0 0 0 0 0 0 0 0 0 0 0 0 0 0 0 0 0 0 0 0 0 0 0 0 0 0 0 0 0 0 0 0 0 0 0 0 0 0 0 0 0 0 0 0 0 0 0 0 0 0 0 0 0 0 0 0 0 0 0 0 0 0 0 0 0 0 0 0 0 0 0 0 0 0 0 0 0 0 0 0 0 0 0 0 0 0 0 1 0 0 0 0 0 0
0 0.00299110106250644 0 0 0 0 0 0 0 0 0 0 0 0.00589310209336191 0 0 0 0 0 0 0 0 0 0 0 0 0 0 0 0 0 0 0 0 0 0 0 0 0 0 0 0 0 0 0 0 0 0 0 0 0 0 0 0 0 0 0 0 0 0 0 0 0 0 0 0 0.0342890529811475 0 0 0 0 0 0 0 0 0 0 0 0.0251768661079308 0.0103711547649783 0 0 0 0 0 0 0 0 0 0 0 0 0 0 1 0 0 0 0 0
0 0 0 0 0 0 0 0 0 0 0 0 0 0 0 0 0 0 0 0 0 0 0 0 0 0 0 0 0 0 0 0 0 0 0 0 0 0 0 0 0 0 0 0 0 0 0 0 0 0 0 0 0 0 0 0 0 0 0 0 0 0 0 0 0 0 0 0 0 0 0 0 0 0 0 0 0 0 0 0 0 0 0 0 0 0 0 0 0 0 0 0 0 0 0 1 0 0 0 0
0 0 0 0.0481911485393699 0 0 0 0 0 0 0 0 0.105305492468203 0 0 0 0 0 0 0 0 0 0 0 0 0 0 0 0 0 0 0 0 0 0 0 0 0 0 0 0 0 0 0 0 0 0 0 0 0 0 0 0 0 0 0 0 0 0 0 0 0 0 0 0 0 0 0 0 0 0 0 0 0 0 0 0 0 0 0 0 0 0 0 0 0 0 0 0 0 0 0 0 0 0 0 1 0 0 0
0 0 0 0 0 0 0 0 0 0 0 0 0 0.0496605168983099 0 0 0 0 0 0 0 0 0 0 0 0 0 0 0 0 0 0 0 0 0 0 0 0 0 0 0 0.0871300820171934 0 0 0 0 0 0.0295733987895135 0 0 0 0 0 0 0 0 0 0 0 0 0 0 0 0 0 0 0 0 0 0 0 0 0 0 0 0 0 0 0 0 0 0 0 0 0 0 0 0 0.081114862135089 0 0 0 0 0 0 0 0 1 0 0
0 0 0 0 0 0 0 0 0 0 0 0 0 0 0 0 0 0 0 0 0 0 0 0 0 0 0 0 0 0 0 0 0 0 0 0 0 0 0 0 0 0 0 0 0 0 0 0 0 0 0 0 0 0 0 0 0 0 0 0 0 0 0 0 0 0 0 0 0 0 0 0 0 0 0 0 0 0 0 0 0 0 0 0 0 0 0 0 0 0 0 0 0 0 0 0 0 0 1 0
0 0.135400236391863 0 0 0.111928217868586 0.22394178774679 0 0 0 0 0 0 0 0.0399637919282351 0 0 0 0 0 0 0 0 0 0 0 0.0720390827127096 0 0.115614396945579 0 0 0 0 0 0 0 0 0.0606922076713866 0 0 0 0 0 0 0 0.0223039506205039 0 0 0 0.0116325465926663 0 0 0 0 0 0 0 0 0 0 0.126959587006953 0 0 0 0 0.0540479780283443 0 0 0 0 0 0.0278863660587566 0 0 0 0 0 0 0 0.13347419926993 0.0994829059368296 0 0 0 0 0 0 0 0.0345170313483875 0 0.137532424285563 0 0 0 0 0 0 0 0 0 1
