1 0 0 0 0 0 0 0 0 0 0 0 0 0 0 0 0 0 0 0 0 0 0 0 0.232278183743298 0 0 0 0 0 0 0 0 0 0 0 0 0 0 0 0 0.117924448522556 0 0 0 0 0 0 0 0 0 0 0 0 0 0 0 0 0 0 0 0 0 0 0 0 0 0 0 0 0 0 0 0 0 0 0 0.115144072643436 0 0 0 0 0 0 0 0 0 0 0 0 0 0 0 0 0 0 0 0 0 0
0 1 0 0 0 0 0 0 0 0 0 0 0 0 0 0 0 0 0 0 0 0 0 0 0 0 0 0 0 0 0 0 0 0 0 0 0 0 0 0 0 0 0 0 0 0 0 0 0 0 0.0942776607558412 0 0 0 0 0 0 0 0 0 0 0 0 0 0 0 0 0 0 0 0 0 0 0 0 0 0.00510741070858967 0 0 0 0 0 0 0 0 0 0 0 0 0 0.0276260981628359 0 0 0 0 0 0 0 0 0
0 0 1 0 0 0 0 0 0 0 0 0 0 0 0 0 0 0 0.176084926017776 0 0 0 0 0 0 0 0 0 0 0 0 0 0 0 0 0 0 0 0 0 0 0 0 0 0 0 0 0 0 0 0 0 0 0 0 0 0 0 0 0 0 0 0 0 0.047239843499713 0 0 0 0 0 0 0 0 0 0 0 0 0 0.0420359230081729 0 0 0 0 0 0 0 0 0 0 0 0 0.053099814087983 0 0 0 0 0 0 0 0
0 0 0 1 0 0 0 0 0 0.139456793348022 0.0536992407856131 0 0 0 0 0 0 0 0 0 0 0 0 0 0 0 0 0.0617541421888437 0 0 0 0 0 0 0 0 0 0 0 0 0 0 0 0 0.0903371552334666 0 0.0516628645736397 0 0 0 0 0 0 0.136900168264368 0 0 0 0 0.107245312687897 0 0.120318835267417 0.00131078544893815 0 0 0 0 0 0 0 0.0762714553961826 0 0 0 0 0 0 0 0 0 0 0 0.010345450340477 0 0 0 0 0 0 0.0939504779362981 0 0 0 0 0 0 0 0 0 0.0196697337464072 0
0 0 0 0 1 0 0.313609204966991 0 0 0 0 -0.104190495640482 0 0 0 0 0 -0.0704238113490239 0 0.214708644576518 0 -0.0351901139530265 0 0 0 0.185304469842055 0 0 0 -0.00996771105857097 0 0 0 0 0 0 0 0 0 0 0 0 0 -0.0499426814827746 0 0 0 0 0.320997208089929 -0.0395100235475253 0 0.164455565285781 0 0 0 0.277149904016083 0 0 0 0 0 0 0 0 0 0 -0.115313979399876 0 -0.0193576671345258 0 0 0 0 -0.0779708737320643 -0.0857405364822905 0 0 0 0 0 0 0 -0.0718068377189436 0 -0.126710698918177 0 0.000473286514554805 0 0 -0.198333923006499 0 0 0 0 0 0 0 0 0 -0.147196771169911
0 0 0 0 0 1 0 0 0 0.120768822077735 0 0 0 0 0 0 0 0 0 0 0 0 0.0289492414756776 0 0 0 0 0.0422143709290901 0 0 0 0 0 0 0 0 0 0 0 0 0 0 0 0 0 0.0439000977177896 0 0 0 0 0 0 0 0 0 0 0 0 0.132033800165222 0 0 0 0 0.0384655987859321 0 0 0 0 0 0 0 0 0 0 0 0 0 0 0.0175898482114486 0 0 0 0 0 0 0 0 0 0.0377699008410921 0 0 0 0 0 0 0 0.0331633466593581 0 0 0
0 0 0 0 0.313609204966991 0 1 0 0 0 0 0 0 0 0 0 0 -0.0158401788212239 0 0.162737988347621 0 0 0 0 0 0.154093933758072 0 0 0 0 0 0 0 -0.0122809834029021 0 0 0 0 0 0 0 0 0 -0.0166220200601326 0 0 0 0 0.294058597327202 -0.0188063371757951 0 0.153225951030937 0 0 0 0.279889881575096 0 0 0 0 -0.0465108583610248 0 0 0 0 0 -0.00207577374388623 0 0 0 0 0 0 -0.114074156972658 -0.0647958915063903 0 0 0 0 0 0 0 -0.115604034417456 0 0 0 0 -0.00101082886368009 0 -0.142086305778138 0 0 0 0 0 0 0 0 0 -0.120601538859964
0 0 0 0 0 0 0 1 0 0 0 0 0 0 0 0 0 0 0 0 0 0 0 0 0 0 0 0 0 0 0 0 0 0 0 0 0 0 0 0 0 0 0 0 0 0 0 0 0 0 0 0 0 0 0 0 0 0 0 0 0 0 0 0 0 0 0 0 0 0 0 0 0 0 0 0 0 0 0 0 0 0 0 0 0 0 0 0 0 0 0 0 0 0 0 0 0 0 0 0
0 0 0 0 0 0 0 0 1 0 0 0 0 0 0 0 0 0 0.0915064501344508 0 0 0 0 0 0 0 0 0 0 0 0 0 0 0 0 0.0426083268544452 0 0 0 0.02894592391145 0 0 0 0 0 0 0 0 0 0 0 0 0 0 0 0 0 0 0.00128203491426093 0 0.131323133694641 0 0 0 0.0114120687772448 0 0 0 0 0 0 0 0 0.0228432343028419 0 0 0 0 0 0 0 0 0 0 0 0 0 0 0 0.0150088798631863 0 0.0206437190596077 0 0 0 0 0 0 0 0
0 0 0 0.139456793348022 0 0.120768822077735 0 0 0 1 0 0 0 0 0 0 0 0 0 0 0 0 0 0 0 0 0 0.119400232164548 0 0 0 0 0 0 0.0780446133862245 0 0 0 0 0 0 0 0 0 0.0400388899192288 0 0 0 0 0 0 0 0 0.208364317001879 0 0 0.0489959580481666 0 0.241795230741627 0 0.0641151791199994 0 0 0 0 0 0 0 0 0 0 0 0 0 0 0 0 0 0 0 0 0 0 0 0 0 0 0 0.102499777007134 0 0 0 0 0 0 0 0 0 0 0
0 0 0 0.0536992407856131 0 0 0 0 0 0 1 0 0 0 0 0 0 0 0 0 0 0 0 0 0 0 0 0 0 0 0 0 0 0 0.00213496970261007 0 0 0 0 0 0 0 0 0 0.0101687461377395 0 0.0532453098640583 0 0 0 0 0 0 0.0731930470033254 0 0 0 0 0 0 0 0 0 0 0 0 0 0 0 0.0140106676145552 0 0 0 0 0 0 0 0 0 0.0656222036473441 0 0 0 0 0 0 0 0 0 0 0 0 0 0 0 0 0 0 0 0
0 0 0 0 -0.104190495640482 0 0 0 0 0 0 1 0 0 0 0 0 0 0 0 0 0 0 0 0.0133088705829774 0 0 0 0 0.0133208200710552 0 0 0 0 0 0 0 0 0 0 0 0 0 0 0 0 0 0 -0.0390576789975232 0 0 -0.0659345565589122 0.0326352227404121 0 0 0 0 0 0 0 0 0 0 0 0 0 0.182950535855171 0 0 0 0 0 0 0.0566406455445548 0.159195336170898 0 0 0 0 0 0 0 0 0 0.0997624588986096 0 0 0 0 0.125448210268447 0 0 0 0 0 0 0 0 0 0
0 0 0 0 0 0 0 0 0 0 0 0 1 0 0 0 0 0 0 0 0 0 0 0 0 0 0 0 0 0 0 0 0 0 0 0 0 0 0 0 0 0 0 0 0 0 0 0 0 0 0 0 0 0 0 0 0 0 0 0 0 0 0 0 0 0 0 0 0 0 0 0 0 0 0 0 0 0 0 0 0 0 0 0 0 0 0 0 0 0 0 0 0 0 0 0 0 0 0 0
0 0 0 0 0 0 0 0 0 0 0 0 0 1 0 0 0 0 0 0 0 0 0 0 0 0 0 0 0 0 0 0 0 0 0 0 0 0 0 0 0 0 0 0 0 0 0 0 0 0 0 0 0 0 0 0 0 0 0 0 0.0388333570866917 0.0511899091939116 0 0 0.0106281998790204 0 0 0 0 0 0 0 0 0 0 0 0 0 0 0 0 0 0.0843153608943079 0 0 0 0 0 0 0 0 0 0 0 0 0 0 0 0 0
0 0 0 0 0 0 0 0 0 0 0 0 0 0 1 0 0 0 0 0 0 0 0 0 0 0 0 0 0 0 0 0 0 0 0 0 0 0 0 0 0 0 0 0 0 0 0 0 0 0 0 0 0 0 0 0 0 0 0 0 0 0 0 0 0 0 0 0 0 0 0 0.0832853292634627 0 0 0 0 0 0 0 0 0 0 0 0 0 0 0 0 0 0 0 0 0 0 0 0 0 0 0 0
0 0 0 0 0 0 0 0 0 0 0 0 0 0 0 1 0 0 0 0 0 0 0 0 0 0 0 0 0 0 0 0 0 0 0 0 0 0 0 0 0 0 0 0 0 0 0 0 0 0 0.122516031256567 0 0 0 0 0 0 0 0 0 0 0 0 0 0 0 0 0 0 0 0 0 0 0 0 0 0 0 0 0 0 0 0 0 0 0.0349923618442336 0 0 0 0 0 0 0 0 0 0 0 0 0 0
0 0 0 0 0 0 0 0 0 0 0 0 0 0 0 0 1 0 0 0 0 0.0490516741211474 0 0 0 0 0 0 0 0 0 0 0 0 0 0.0457848047051679 0 0 0 0.0513152014286282 0 0 0.0240021869206677 0 0 0 0 0 0 0 0 0 0.0357760131934107 0 0 0 0.0522938192932983 0.11794408023358 0 0.0396012230469032 0.0727040950608884 0.106630019884028 0 0 0 0.104148930316369 0 0 0 0 0 0 0.0968902145949212 0 0 0 0 0 0 0.0373921696108079 0 0 0.149937597705736 0.00196182283625301 0 0 0 0.131141906719773 0 0 0 0 0.0691344375332933 0 0 0 0 0.0477171982061335 0 0
0 0 0 0 -0.0704238113490239 0 -0.0158401788212239 0 0 0 0 0 0 0 0 0 0 1 0 0 0 0 0 0 0.0199216082716129 0 0 0 0 0 0 0 0 0 0 0 0 0 0 0 0 0 0 0 0 0 0 0 -0.0471420483001045 0 0 -0.0419830620936127 0 0 0 -0.018833079818817 0 0 0 0 0 0 0 0 0 0 0.0903031278861237 0 0.114758592826485 0 0 0 0 0 0.0386359228321175 0 0 0.0547911758730369 0 0 0 0 0 0 0.0445572207176264 0 0 0 0 0 0 0 0 0 0 0 0.0261489954760128 0 0 0.1328291193285
0 0 0.176084926017776 0 0 0 0 0 0.0915064501344508 0 0 0 0 0 0 0 0 0 1 0 0 0 0 0.0670264780475023 0 0 0 0 0 0 0 0 0 0 0 0 0 0 0 0 0 0 0 0 0 0 0 0 0 0 0 0 0 0 0 0 0 0 0 0 0 0 0 0 0.0607700053564344 0 0 0 0 0 0 0 0 0 0 0 0 0 0 0 0 0 0 0 0.096378075433991 0 0 0 0 0.0228153690155533 0 0 0 0 0 0 0.181491451915186 0 0 0
0 0 0 0 0.214708644576518 0 0.162737988347621 0 0 0 0 0 0 0 0 0 0 0 0 1 0 0 0 0 0 0 0 0 0.0866581315885989 0 0 0 0 0 0 0 0 0 0 0 0 0 0 0 0 0 0 0 0.204409695299207 -0.0639757838812265 0 0.00764320766012694 0 0 0 0.100940733949271 0 0 0 0 0 0 0 0 0 0 0 0 0 0 0 0 0 0 0 0 0 0 0 0 0 0 0 0 -0.0877753067207416 0 0 0 0 -0.104033523289685 0 -0.0300395575475985 0 0 0 0 0 0 0 0
0 0 0 0 0 0 0 0 0 0 0 0 0 0 0 0 0 0 0 0 1 0 0 0 0 0 0 0 0 0 0 0.43417206966889 0 0 0 0 0 0 0 0 0.308894556876522 0 0 0 0 0 0 0 0 0 0 0 0 0 0 0 0 0 0 0 0 0 0 0 0 0 0 0 0 0 0 0 0 0 0 0.413275066388069 0 0 0 0 0 0 0 0 0 0 0.313116813725172 0 0 0 0 0 0 0 0 0 0 0 0 0
0 0 0 0 -0.0351901139530265 0 0 0 0 0 0 0 0 0 0 0 0.0490516741211474 0 0 0 0 1 0 0 0 -0.00291455252175343 0 0 0 0 0 0 0 0 0 0 0 0 0 0.0342074766800281 0 0 0.133481026308772 0 0 0 0 0 0 0 0 0 0 0 0 0 0 0 0 0 0 0 0 0 0 0 0 0 0 0 0 0 0 0 0 0 0 0 0 0 0 0 0.171136524458832 0.0502201981301119 0 0 -0.0253758110637842 0.108409622188215 0 0 0 0 0 0 0 0 0 0 0 0.04521972904025
0 0 0 0 0 0.0289492414756776 0 0 0 0 0 0 0 0 0 0 0 0 0 0 0 0 1 0 0 0 0 0 0 0 0 0 0 0 0 0 0 0 0 0 0 0 0 0 0 0 0 0 0 0 0 0 0 0 0 0 0 0 0 0 0 0 0 0.00160755932168977 0 0 0 0 0 0 0 0 0 0 0 0 0 0 0 0 0 0 0 0 0 0 0 0 0 0 0 0 0 0 0 0 0.0788512939113568 0 0 0
0 0 0 0 0 0 0 0 0 0 0 0 0 0 0 0 0 0 0.0670264780475023 0 0 0 0 1 0.0959822875019184 0 0 0 0 0 0 0 0 0 0 0 0 0 0 0 0 0 0 0 0 0 0 0 0 0 0 0 0 0 0 0 0 0 0 0 0 0 0 0 0 0 0.0101893569992126 0 0 0 0 0 0 0 0 0 0 0 0 0 0 0 0 0 0.171841287347661 0 0 0 0 0.0063139103181159 0 0 0 0 0 0 0.064892625685235 0 0 0.0128320768075919
0.232278183743298 0 0 0 0 0 0 0 0 0 0 0.0133088705829774 0 0 0 0 0 0.0199216082716129 0 0 0 0 0 0.0959822875019184 1 0 0 0 0 0 0 0 0 0.0820863269906412 0 0 0 0 0 0 0 0.0604165342183339 0 0 0 0 0 0 0 0 0 0 0 0 0 0 0 0 0 0 0 0 0 0 0 0 0.0705382424635891 0 0.0351503192895831 0 0 0 0 0 0 0 0 0.0798981093105054 0 0 0 0 0 0 0.0546146619785995 0 0 0 0 0 0 0 0 0 0 0 0.0517063249114412 0 0 0
0 0 0 0 0.185304469842055 0 0.154093933758072 0 0 0 0 0 0 0 0 0 0 0 0 0 0 -0.00291455252175343 0 0 0 1 0 0 0 0 0 0 0 0 0 0 -0.00861664926960948 0 0 0 0 0 0 0 0 0 0 0 0.103859287526829 0 0 0 0 0 0 0 0 0 0 0 0 0 0 0 0 0 -0.00219569780724183 0 0 0 0 0 0 0 0 0 0 0 0 0 0 0 0 0 0 0 0 0 0 0 0 0 0 0 0 0 0 0 0 -0.0174640656683088
0 0 0 0 0 0 0 0 0 0 0 0 0 0 0 0 0 0 0 0 0 0 0 0 0 0 1 0 0 0 0 0 0 0 0 0 0 0 0 0 0 0 0 0 0 0 0 0 0 0 0 0 0 0 0 0 0 0 0 0 0 0 0 0 0 0 0 0 0 0 0 0 0 0 0 0 0 0 0 0 0 0 0 0 0 0 0 0 0 0 0 0 0 0 0 0 0 0 0 0
0 0 0 0.0617541421888437 0 0.0422143709290901 0 0 0 0.119400232164548 0 0 0 0 0 0 0 0 0 0 0 0 0 0 0 0 0 1 0 0 0 0 0 0 0.28032587212724 0 0 0 0 0 0 0 0 0 0.116628273964747 0 0.0898342221592457 0 0 0.0444507821610137 0 0 0 0.0881273916304545 0 0 0.128576549537172 0 0.257219498117147 0.0584962170343691 0.19642247775366 0.0592409556578649 0 0.000934968192978114 0 0 0 0 0 0.152847163520791 0 0 0 0.100238220112921 0 0 0 0 0.19276268025302 0 0 0 0 0 0 0 0 0 0.118828806282635 0 0 0.01088629653233 0 0 -0.035259283949155 0 0 0 0.056791762812758 0
0 0 0 0 0 0 0 0 0 0 0 0 0 0 0 0 0 0 0 0.0866581315885989 0 0 0 0 0 0 0 0 1 0 0 0 0 0 0 0 0 0 0 0 0 0 0 0 0 0 0 0 0 0 0 0.0225147095954729 0 0 0 0 0 0 0 0 0 0 0 0 0 0 0 0 0 0 0 0 0 0 0 0 0 0 0 0 0 0 0 0 0 0 0 0 0 0 0 0 0 0 0 0 0 0 0 0
0 0 0 0 -0.00996771105857097 0 0 0 0 0 0 0.0133208200710552 0 0 0 0 0 0 0 0 0 0 0 0 0 0 0 0 0 1 0 0 0 0 0 0 0 0 0 0 0 0 0 0 0 0 0 0 0 0 0 0 0 0 0 0 0 0 0 0 0 0 0 0 0 0 0 0 0 0 0 0 0 0 0 0 0 0 0 0 0 0 0 0 0 0 0 0 0 0 0 0 0 0 0 0 0 0 0 0
0 0 0 0 0 0 0 0 0 0 0 0 0 0 0 0 0 0 0 0 0 0 0 0 0 0 0 0 0 0 1 0 0 0 0 0 0 0 0 0 0 0 0 0 0 0 0 0 0 0 0 0 0 0 0 0 0 0 0 0 0 0 0 0 0 0 0 0 0 0 0 0 0 0 0 0 0 0 0 0 0 0 0 0 0 0 0 0 0 0 0 0 0 0 0 0 0 0 0 0
0 0 0 0 0 0 0 0 0 0 0 0 0 0 0 0 0 0 0 0 0.43417206966889 0 0 0 0 0 0 0 0 0 0 1 0 0 0 0 0 0 0 0 0.338226912981513 0 0 0 0 0 0 0 0 0 0 0 0 0 0 0 0 0 0 0 0 0 0 0 0 0 0 0 0 0 0 0 0 0 0 0.42290122445794 0 0 0 0 0 0 0 0 0 0 0.337929818141046 0 0 0 0 0 0 0 0 0 0 0 0 0
0 0 0 0 0 0 0 0 0 0 0 0 0 0 0 0 0 0 0 0 0 0 0 0 0 0 0 0 0 0 0 0 1 0 0 0 0 0 0 0 0 0 0 0 0 0 0 0 0 0.00941042616146748 0 0 0 0 0 0 0 0 0 0 0 0 0 0.118757374475381 0 0 0 0 0 0 0 0 0 0.0674997281842193 0 0 0 0 0 0 0 0 0 0 0 0 0 0 0 0.0732967784636099 0 0 0 0 0 0 0 0 0 0
0 0 0 0 0 0 -0.0122809834029021 0 0 0 0 0 0 0 0 0 0 0 0 0 0 0 0 0 0.0820863269906412 0 0 0 0 0 0 0 0 1 0 0 0 0 0 0 0 0.026394367992878 0 0 0 0 0 0 -0.00259480645348642 0 0 0 0 0 0 -0.002554398220875 0 0 0 0 0.146689105994996 0 0 0 0 0 0 0 0 0 0 0 0 0 0 0 0 0 0.0174812584299033 0 0 0 0 0 0 0 0 0 0 0 0 0 0 0 0 0 0 0 0 0
0 0 0 0 0 0 0 0 0 0.0780446133862245 0.00213496970261007 0 0 0 0 0 0 0 0 0 0 0 0 0 0 0 0 0.28032587212724 0 0 0 0 0 0 1 0 0 0 0 0 0 0 0 0 0.0817617674589626 0 0.126067297899189 0 0 0 0 0 0 0.0392097017825257 0 0 0.13062840794093 0.0433930070202433 0.193449729762578 0.0651614053295503 0.13061061618133 0.124473949554761 0 0 0 0.0343626893837031 0 0 0 0.120430271311875 0 0 0 0.0282154759555282 0 0 0.0214834029357936 0 0.0466984165001406 0 0 0 0 0.0204603827422067 0 0 0 0 0.0564329066911164 0 0 0 0 0 0 0 0 0 0 0
0 0 0 0 0 0 0 0 0.0426083268544452 0 0 0 0 0 0 0 0.0457848047051679 0 0 0 0 0 0 0 0 0 0 0 0 0 0 0 0 0 0 1 0 0 0 0.106301974542476 0 0 0 0 0 0 0.0506499234916949 0 0 0 0 0 0 0 0 0 0 0.120368767007231 0 0 0.12142517707292 0.039316316924645 0 0 0 0 0 0 0 0 0 0 0.0196885953556418 0 0 0 0 0.0115702743356807 0 0 0 0 0 0 0 0 0 0.018037783597754 0 0 0 0 0 0 0 0 0 0 0 0.0682197199703964
0 0 0 0 0 0 0 0 0 0 0 0 0 0 0 0 0 0 0 0 0 0 0 0 0 -0.00861664926960948 0 0 0 0 0 0 0 0 0 0 1 0 0 0 0 0 0 0 0 0 0 0 0 0 0 0 0 0 0 0 0 0 0 0 0 0 0 0 0 0 0.029974935409944 0 0 0 0 0 0.0399525716633741 0 0 0 0 0.0851130890948543 0 0 0 0 0 0 0 0 0 0 0 0 0 0 0 0 0 0 0 0 0 0.107147088062888
0 0 0 0 0 0 0 0 0 0 0 0 0 0 0 0 0 0 0 0 0 0 0 0 0 0 0 0 0 0 0 0 0 0 0 0 0 1 0 0 0 0.098585087465225 0 0 0 0 0 0 0 0 0 0 0.00362728806198409 0 0.0350501394807241 0 0 0 0.0694691139981369 0.0328021076315101 0.0312441336314857 0.122864475610099 0 0 0 0 0 0 0 0 0 0 0 0.0317385087559636 0 0 0 0 0 0 0 0.00234757996975843 0 0 0 0 0 0 0.0128483192927555 0 0 0 0 0 0 0.0464327605655229 0 0 0 0
0 0 0 0 0 0 0 0 0 0 0 0 0 0 0 0 0 0 0 0 0 0 0 0 0 0 0 0 0 0 0 0 0 0 0 0 0 0 1 0 0 0 0 0 0 0 0.0658686152201056 0 0 0 0 0 0 0 0 0 0 0 0 0 0 0 0 0 0 0 0 0 0 0 0 0 0 0 0 0 0.0970560286069149 0 0 0 0 0 0.00544335024922082 0 0 0 0 0 0 0 0 0 0 0.0692840039267506 0 0 0 0 0.0421678435104145 0
0 0 0 0 0 0 0 0 0.02894592391145 0 0 0 0 0 0 0 0.0513152014286282 0 0 0 0 0.0342074766800281 0 0 0 0 0 0 0 0 0 0 0 0 0 0.106301974542476 0 0 0 1 0 0 0 0 0 0 0.119052034958912 0 -0.0114634341030186 0 0 0 0.00428247368176871 0 0 0 0.0906944137791816 0.081960211426696 0 0.0311414081764637 0.206659319700786 0 0 0 0 0.0845545432065067 0 0 0 0.0092817142678947 0 0 0 0.0545870405317852 0 0 0 0 0.0192922113501038 0 0 0 0.164679970170511 0.102195202270317 0 0 0 0.106880889093023 0 0.0352272793210178 0 0 0 0 0 0 0 0 0 0.0614197457029196
0 0 0 0 0 0 0 0 0 0 0 0 0 0 0 0 0 0 0 0 0.308894556876522 0 0 0 0 0 0 0 0 0 0 0.338226912981513 0 0 0 0 0 0 0 0 1 0 0 0 0 0 0 0 0 0 0 0.0207486679119593 0 0 0 0 0 0 0 0 0 0 0 0 0 0 0 0 0 0 0 0 0 0 0 0.289623763958001 0 0 0 0 0 0 0 0 0 0 0.177017770685178 0 0 0 0 0 0 0 0 0 0 0 0 0
0.117924448522556 0 0 0 0 0 0 0 0 0 0 0 0 0 0 0 0 0 0 0 0 0 0 0 0.0604165342183339 0 0 0 0 0 0 0 0 0.026394367992878 0 0 0 0.098585087465225 0 0 0 1 0 0 0 0 0 0 0 0 0 0 0 0 0 0 0 0 0 0 0 0 0 0 0 0 0 0 0 0 0 0 0 0 0 0 0 0.0470897362916454 0 0 0 0 0 0 0 0 0 0 0 0 0 0 0 0 0 0 0 0 0 0
0 0 0 0 0 0 0 0 0 0 0 0 0 0 0 0 0.0240021869206677 0 0 0 0 0.133481026308772 0 0 0 0 0 0 0 0 0 0 0 0 0 0 0 0 0 0 0 0 1 0 0 0 0 0 0 0 0.00740689615071854 0 0 0 0 0 0 0 0 0 0 0 0 0 0 0 0 0 0 0 0 0 0 0 0 0 0.0483735052060953 0 0 0.0741896135188728 0 0 0.0975920524310488 0 0 0.0446285107209217 0 0 0 0 0.0105580586911942 0 0 0.18388681219661 0 0 0 0 0 0
0 0 0 0 -0.0499426814827746 0 -0.0166220200601326 0 0 0 0 0 0 0 0 0 0 0 0 0 0 0 0 0 0 0 0 0 0 0 0 0 0 0 0 0 0 0 0 0 0 0 0 1 0 0 0 0 -0.0146300859735345 0 0 0 0 0 0 -0.0506810166511705 0 0 0 0 0 0 0 0 0 0 0 0 0 0 0 0 0 0 0 0 0 0 0 0 0 0 0 0 0 0 0 0 0 0 0 0 0 0 0 0 0 0 0 0
0 0 0 0.0903371552334666 0 0 0 0 0 0.0400388899192288 0.0101687461377395 0 0 0 0 0 0 0 0 0 0 0 0 0 0 0 0 0.116628273964747 0 0 0 0 0 0 0.0817617674589626 0 0 0 0 0 0 0 0 0 1 0 0.137768097576079 0 0 0.0324040807022985 0 0 0 0.078902730419474 0 0 0 0 0.126591631271767 0 0.066237602729366 0 0 0 0 0 0 0 0 0.15189269532053 0 0 0 0 0 0 0.117886341507993 0 0.0562990632682624 0 0 0 0 0 0 0 0 0 0.0620207214249627 0 0 0 0 0 -0.0512675139012078 0 0 0 0.292319444497649 0
0 0 0 0 0 0.0439000977177896 0 0 0 0 0 0 0 0 0 0 0 0 0 0 0 0 0 0 0 0 0 0 0 0 0 0 0 0 0 0 0 0 0 0 0 0 0 0 0 1 0 0 0 0 0 0 0 0 0 0 0 0 0 0 0 0 0 0.0285055031320784 0 0 0 0 0 0 0 0 0 0 0 0 0 0 0 0 0 0 0 0 0 0 0 0 0 0 0 0 0 0 0 0 0 0 0 0
0 0 0 0.0516628645736397 0 0 0 0 0 0 0.0532453098640583 0 0 0 0 0 0 0 0 0 0 0 0 0 0 0 0 0.0898342221592457 0 0 0 0 0 0 0.126067297899189 0.0506499234916949 0 0 0.0658686152201056 0.119052034958912 0 0 0 0 0.137768097576079 0 1 0 0 0.0500014185681741 0 0 0 0.0190839782852227 0 0 0 0 0 0 0.13987839897224 0.101121182905442 0 0 0 0.0921621849921771 0 0 0 0.241770601261316 0 0 0 0 0 0 0.0885860848634329 0 0.0398535101644348 0.0486004197608483 0 0 0.113373718354948 0.062357696305503 0 0 0 0 0 0 0 0 0 0.00307153660470239 -0.0242901912181215 0 0 0 0.125610073091499 0
0 0 0 0 0 0 0 0 0 0 0 0 0 0 0 0 0 0 0 0 0 0 0 0 0 0 0 0 0 0 0 0 0 0 0 0 0 0 0 0 0 0 0 0 0 0 0 1 0 0 0 0 0 0 0 0 0 0 0 0 0 0 0 0 0 0 0 0 0 0 0 0 0 0 0 0 0 0 0 0 0 0 0 0 0 0 0 0 0 0 0 0 0 0 0 0 0 0 0 0
0 0 0 0 0.320997208089929 0 0.294058597327202 0 0 0 0 -0.0390576789975232 0 0 0 0 0 -0.0471420483001045 0 0.204409695299207 0 0 0 0 0 0.103859287526829 0 0 0 0 0 0 0 -0.00259480645348642 0 0 0 0 0 -0.0114634341030186 0 0 0 -0.0146300859735345 0 0 0 0 1 -0.0837915666550348 0 0.19785132550797 0 0 0 0.305935666175304 0 0 0 0 -0.0478289039351304 0 0 0 0 0 -0.0195063578193462 0 -0.0526597570431439 0 0 0 0 -0.0774435888777376 -0.0917822136704054 0 0 0 0 0 0 0 -0.109714555392335 0 -0.118928811196432 0 0 -0.00802860426053187 0 -0.226535485530614 0 0 0 0 0 0 0 0 0 -0.1214562548321
0 0 0 0 -0.0395100235475253 0 -0.0188063371757951 0 0 0 0 0 0 0 0 0 0 0 0 -0.0639757838812265 0 0 0 0 0 0 0 0.0444507821610137 0 0 0 0 0.00941042616146748 0 0 0 0 0 0 0 0 0 0 0 0.0324040807022985 0 0.0500014185681741 0 -0.0837915666550348 1 0 0 0 0 0 -0.0490326624304307 0 0 0 0 0.019456972902163 0 0 0 0.0607935266868135 0 0 0 0 0.0649213394463011 0 0 0 0 0 0 0 0 0.0604422649829901 0 0 0 0.0598142272423481 0 0 0 0 0 0 0.0217697627661222 0 0 0 0 -0.0305629231921707 0 0 0 0.0493309669149851 0
0 0.0942776607558412 0 0 0 0 0 0 0 0 0 0 0 0 0 0.122516031256567 0 0 0 0 0 0 0 0 0 0 0 0 0 0 0 0 0 0 0 0 0 0 0 0 0 0 0.00740689615071854 0 0 0 0 0 0 0 1 0 0 0 0 0 0 0 0 0 0 0 0 0 0 0 0 0 0 0 0 0 0 0 0 0 0 0 0 0 0 0 0 0 0 0 0 0 0 0 0.0504922286003437 0 0 0.00222164208431763 0 0 0 0 0 0
0 0 0 0 0.164455565285781 0 0.153225951030937 0 0 0 0 -0.0659345565589122 0 0 0 0 0 -0.0419830620936127 0 0.00764320766012694 0 0 0 0 0 0 0 0 0.0225147095954729 0 0 0 0 0 0 0 0 0 0 0 0.0207486679119593 0 0 0 0 0 0 0 0.19785132550797 0 0 1 0 0 0 0.25456423384268 0 0 0 0 0 0 0 0 0 0 -0.00741804199356144 0 0 0 0 0 0 0 -0.065828228295512 0 0 -0.0133493160911093 0 0 0 0 0 0 0 0 0 0 0 -0.0798061264449823 0 0 0 0 0 0 -0.0525423645190364 0 0 -0.0561698105042601
0 0 0 0 0 0 0 0 0 0 0 0.0326352227404121 0 0 0 0 0.0357760131934107 0 0 0 0 0 0 0 0 0 0 0 0 0 0 0 0 0 0 0 0 0.00362728806198409 0 0.00428247368176871 0 0 0 0 0 0 0 0 0 0 0 0 1 0 0 0 0 0 0 0 0.0774772118097596 0.0319912699898357 0 0 0 0 0.0277673481525494 0 0 0 0 0 0 0.0975651932922297 0 0 0 0 0 0 0 0 0.0336482797242942 0 0 0 0 0 0 0.130065117278051 0 0 0 0 0 0 0 0 0 0.0373483302272708
0 0 0 0.136900168264368 0 0 0 0 0 0.208364317001879 0.0731930470033254 0 0 0 0 0 0 0 0 0 0 0 0 0 0 0 0 0.0881273916304545 0 0 0 0 0 0 0.0392097017825257 0 0 0 0 0 0 0 0 0 0.078902730419474 0 0.0190839782852227 0 0 0 0 0 0 1 0 0 0 0 0.215410950380083 0 0.0972940612182384 0.0396804562780587 0 0 0 0 0 0 0 0.0838186313040601 0 0 0 0 0 0 0.0814495160862123 0 0 0.0449319543316333 0 0 0 0.027578254718379 0 0 0 0 0.0238342198912118 0 0 0 0 0.0420960086522173 0 0 0 0 0 0
0 0 0 0 0 0 0 0 0 0 0 0 0 0 0 0 0 0 0 0 0 0 0 0 0 0 0 0 0 0 0 0 0 0 0 0 0 0.0350501394807241 0 0 0 0 0 0 0 0 0 0 0 0 0 0 0 0 1 0 0 0 0 0 0 0 0 0 0 0 0 0 0 0 0 0 0 0 0 0 0 0 0 0 0 0 0 0 0 0 0 0 0.0510638718244216 0 0 0 0 0 0 0 0 0 0 0
0 0 0 0 0.277149904016083 0 0.279889881575096 0 0 0 0 0 0 0 0 0 0 -0.018833079818817 0 0.100940733949271 0 0 0 0 0 0 0 0 0 0 0 0 0 -0.002554398220875 0 0 0 0 0 0 0 0 0 -0.0506810166511705 0 0 0 0 0.305935666175304 -0.0490326624304307 0 0.25456423384268 0 0 0 1 0 0 0 0 -0.0323182539485476 0 0 0 0 0 0 0 0 0 0 0 0 -0.0438628479271969 -0.00937828407683283 0 0 0 0 0 0 0 -0.0641778962597238 0 0 0 0 0 0 -0.112240185948322 0 0 0 0 0 -0.0060589097691286 0 0 0 -0.0825820994512648
0 0 0 0 0 0 0 0 0 0.0489959580481666 0 0 0 0 0 0 0.0522938192932983 0 0 0 0 0 0 0 0 0 0 0.128576549537172 0 0 0 0 0 0 0.13062840794093 0 0 0 0 0.0906944137791816 0 0 0 0 0 0 0 0 0 0 0 0 0 0 0 0 1 0.0192719344472391 0.0214276039924084 0.174048111684294 0.258608108803455 0.0840941380174555 0 0 0 0.0505337941526016 0 0 0 0 0 0 0 0.0169931240953118 0 0 0 0 0 0 0 0 0.049903437525792 0 0 0 0 0 0 0 0 0 0.12708648261455 0 0 0 0 0 0 0
0 0 0 0 0 0 0 0 0 0 0 0 0 0 0 0 0.11794408023358 0 0 0 0 0 0 0 0 0 0 0 0 0 0 0 0 0 0.0433930070202433 0.120368767007231 0 0 0 0.081960211426696 0 0 0 0 0 0 0 0 0 0 0 0 0 0 0 0 0.0192719344472391 1 0 0.0661194863159668 0.0803823893302058 0.0705698344589614 0 0 0 0.0367777730816412 0 0 0 0 0 0 0.0989821573899945 0.0147565233665412 0 0 0 0 0 0 0 0 0 0 0 0 0 0.0922259017353004 0 0 0 0 0 0 0 0 0 0 0 0
0 0 0 0.107245312687897 0 0.132033800165222 0 0 0.00128203491426093 0.241795230741627 0 0 0 0 0 0 0 0 0 0 0 0 0 0 0 0 0 0.257219498117147 0 0 0 0 0 0 0.193449729762578 0 0 0.0694691139981369 0 0 0 0 0 0 0.126591631271767 0 0 0 0 0 0 0 0 0.215410950380083 0 0 0.0214276039924084 0 1 0 0.122621905781277 0.0964818124112621 0 0.00547477810245134 0 0 0 0.0334550157466521 0 0.0926551352618842 0 0 0 0.0863015442670266 0 0 0.0224552463489534 0 0.0238642240293165 0 0 0 0 0 0 0 0 0 0.181694643924318 0 0 0 0 0 0 0 0 0 0 0
0 0 0 0 0 0 0 0 0 0 0 0 0 0 0 0 0.0396012230469032 0 0 0 0 0 0 0 0 0 0 0.0584962170343691 0 0 0 0 0 0 0.0651614053295503 0 0 0.0328021076315101 0 0.0311414081764637 0 0 0 0 0 0 0 0 0 0 0 0 0 0 0 0 0.174048111684294 0.0661194863159668 0 1 0.162816162744517 0.0867632037318343 0 0 0 0.077246359281805 0 0 0 0 0 0 0 0 0 0 0 0 0 0 0 0 0.0632056762067456 0 0 0 0 0 0 0 0 0 0 0 0 0 0 0 0 0
0 0 0 0.120318835267417 0 0 -0.0465108583610248 0 0.131323133694641 0.0641151791199994 0 0 0 0.0388333570866917 0 0 0.0727040950608884 0 0 0 0 0 0 0 0 0 0 0.19642247775366 0 0 0 0 0 0.146689105994996 0.13061061618133 0.12142517707292 0 0.0312441336314857 0 0.206659319700786 0 0 0 0 0.066237602729366 0 0.13987839897224 0 -0.0478289039351304 0.019456972902163 0 0 0.0774772118097596 0.0972940612182384 0 -0.0323182539485476 0.258608108803455 0.0803823893302058 0.122621905781277 0.162816162744517 1 0.1510298164629 0 0 0 0.111831174939467 0 0 0 0.140588948967082 0 0 0 0.0846272422210066 0 0 0.0480702025583786 0 0.124741373835056 0 0 0 0.190725063098484 0.0718698698163713 0 0 0 0.117857270732229 0.0550344512207874 0.00880792479446779 0 0.0602831473713255 0.0619074824459914 0 -0.00536927984013913 0 0 0 0.067261836868859 0.00120448611132451
0 0 0 0.00131078544893815 0 0 0 0 0 0 0 0 0 0.0511899091939116 0 0 0.106630019884028 0 0 0 0 0 0 0 0 0 0 0.0592409556578649 0 0 0 0 0 0 0.124473949554761 0.039316316924645 0 0.122864475610099 0 0 0 0 0 0 0 0 0.101121182905442 0 0 0 0 0 0.0319912699898357 0.0396804562780587 0 0 0.0840941380174555 0.0705698344589614 0.0964818124112621 0.0867632037318343 0.1510298164629 1 0 0 0 0.0511231519715348 0 0 0 0.061724016975254 0 0 0 0.0378132843124359 0 0 0.168356615757148 0 0 0 0 0.131595219364696 0.115676186443728 0 0 0 0 0 0.0248870999213271 0 0 0 0.0739572564034762 0 0 0 0 0 0 0
0 0 0 0 0 0 0 0 0 0 0 0 0 0 0 0 0 0 0 0 0 0 0 0 0 0 0 0 0 0 0 0 0 0 0 0 0 0 0 0 0 0 0 0 0 0 0 0 0 0 0 0 0 0 0 0 0 0 0 0 0 0 1 0 0 0 0 0 0 0 0 0 0 0 0 0 0 0 0 0 0 0 0 0 0 0 0 0 0 0 0 0 0 0 0 0 0 0 0 0
0 0 0 0 0 0.0384655987859321 0 0 0 0 0 0 0 0 0 0 0 0 0 0 0 0 0.00160755932168977 0 0 0 0 0.000934968192978114 0 0 0 0 0.118757374475381 0 0 0 0 0 0 0 0 0 0 0 0 0.0285055031320784 0 0 0 0 0 0 0 0 0 0 0 0 0.00547477810245134 0 0 0 0 1 0 0 0 0 0 0 0 0 0 0 0 0 0 0 0 0 0 0 0 0 0 0 0 0 0 0 0 0 0 0 0 0 0 0 0 0
0 0 0.047239843499713 0 0 0 0 0 0.0114120687772448 0 0 0 0 0.0106281998790204 0 0 0 0 0.0607700053564344 0 0 0 0 0 0 0 0 0 0 0 0 0 0 0 0 0 0 0 0 0 0 0 0 0 0 0 0 0 0 0.0607935266868135 0 0 0 0 0 0 0 0 0 0 0 0 0 0 1 0 0 0 0 0 0 0 0 0 0 0 0 0 0 0 0 0.011997286473414 0 0 0 0 0 0 0 0 0 0 0 0 0 0 0 0 0 0
0 0 0 0 0 0 0 0 0 0 0 0 0 0 0 0 0.104148930316369 0 0 0 0 0 0 0 0 0 0 0 0 0 0 0 0 0 0.0343626893837031 0 0 0 0 0.0845545432065067 0 0 0 0 0 0 0.0921621849921771 0 0 0 0 0 0 0 0 0 0.0505337941526016 0.0367777730816412 0 0.077246359281805 0.111831174939467 0.0511231519715348 0 0 0 1 0 0 0 0.0616772877765538 0 0 0 0 0 0 0.0606403282290428 0 0.0220082217774347 0 0 0 0.0320984353500717 0 0 0 0 0 0 0 0 0 0 0 0 0 0 0 0.000681089874868812 0
0 0 0 0 -0.115313979399876 0 -0.00207577374388623 0 0 0 0 0.182950535855171 0 0 0 0 0 0.0903031278861237 0 0 0 0 0 0.0101893569992126 0.0705382424635891 -0.00219569780724183 0 0 0 0 0 0 0 0 0 0 0.029974935409944 0 0 0 0 0 0 0 0 0 0 0 -0.0195063578193462 0 0 -0.00741804199356144 0.0277673481525494 0 0 0 0 0 0 0 0 0 0 0 0 0 1 0 0 0 0 0 0 0 0.0372079365661855 0 0 0.015663400360908 0 0 0 0 0 0 0.139991180082065 0.0538531958359498 0 0 0 0.125644141798703 0 0 0 0 0 0 0 0 0 0.0794910077208353
0 0 0 0 0 0 0 0 0 0 0 0 0 0 0 0 0 0 0 0 0 0 0 0 0 0 0 0 0 0 0 0 0 0 0 0 0 0 0 0 0 0 0 0 0 0 0 0 0 0 0 0 0 0 0 0 0 0 0.0334550157466521 0 0 0 0 0 0 0 0 1 0 0 0 0 0 0 0 0 0 0 0 0 0 0 0 0 0 0 0 0 0 0 0 0 0 0 0 0 0 0 0 0
0 0 0 0 -0.0193576671345258 0 0 0 0 0 0 0 0 0 0 0 0 0.114758592826485 0 0 0 0 0 0 0.0351503192895831 0 0 0 0 0 0 0 0 0 0 0 0 0 0 0 0 0 0 0 0 0 0 0 -0.0526597570431439 0 0 0 0 0 0 0 0 0 0 0 0 0 0 0 0 0 0 0 1 0 0 0 0 0 0 0 0 0.0358488767098611 0 0 0 0 0 0 0.145285880318859 0 0 0.0666220146172553 0 0 0 0 0 0 0 0 0 0 0 0.143863188312809
0 0 0 0.0762714553961826 0 0 0 0 0 0 0.0140106676145552 0 0 0 0 0 0 0 0 0 0 0 0 0 0 0 0 0.152847163520791 0 0 0 0 0 0 0.120430271311875 0 0 0 0 0.0092817142678947 0 0 0 0 0.15189269532053 0 0.241770601261316 0 0 0.0649213394463011 0 0 0 0.0838186313040601 0 0 0 0 0.0926551352618842 0 0.140588948967082 0.061724016975254 0 0 0 0.0616772877765538 0 0 0 1 0 0 0 0 0 0 0.0845777110453858 0 0.0734090458928812 0 0 0 0 0 0 0 0 0 0.0308460555873742 0 0 0 0 0 -0.0153711823262559 0 0 0 0.127501717330016 0
0 0 0 0 0 0 0 0 0 0 0 0 0 0 0 0 0 0 0 0 0 0 0 0 0 0 0 0 0 0 0 0 0 0 0 0 0 0 0 0 0 0 0 0 0 0 0 0 0 0 0 0 0 0 0 0 0 0 0 0 0 0 0 0 0 0 0 0 0 0 1 0 0 0 0 0 0 0 0 0 0 0 0 0 0 0 0 0 0 0 0 0 0 0 0 0 0 0 0 0
0 0 0 0 0 0 0 0 0 0 0 0 0 0 0.0832853292634627 0 0 0 0 0 0 0 0 0 0 0 0 0 0 0 0 0 0 0 0 0 0 0 0 0 0 0 0 0 0 0 0 0 0 0 0 0 0 0 0 0 0 0 0 0 0 0 0 0 0 0 0 0 0 0 0 1 0 0 0.0333001569723556 0 0 0 0 0 0 0 0 0 0 0 0 0 0 0 0 0 0 0 0 0 0 0 0 0
0 0 0 0 0 0 0 0 0 0 0 0 0 0 0 0 0.0968902145949212 0 0 0 0 0 0 0 0 0 0 0 0 0 0 0 0 0 0 0.0196885953556418 0.0399525716633741 0 0 0 0 0 0 0 0 0 0 0 0 0 0 0 0 0 0 0 0 0.0989821573899945 0 0 0 0 0 0 0 0 0 0 0 0 0 0 1 0 0 0 0 0 0 0 0 0 0 0 0 0 0 0.0349569850687114 0 0 0 0 0.0201615340792877 0 0 0 0 0 0 0.0830778799167214
0 0 0 0 -0.0779708737320643 0 -0.114074156972658 0 0.0228432343028419 0 0 0.0566406455445548 0 0 0 0 0 0 0 0 0 0 0 0 0 0 0 0.100238220112921 0 0 0 0 0.0674997281842193 0 0.0282154759555282 0 0 0.0317385087559636 0 0.0545870405317852 0 0 0 0 0 0 0 0 -0.0774435888777376 0 0 0 0.0975651932922297 0 0 -0.0438628479271969 0.0169931240953118 0.0147565233665412 0.0863015442670266 0 0.0846272422210066 0.0378132843124359 0 0 0 0 0 0 0 0 0 0 0 1 0.0992329219472706 0 0 0 0 0 0 0 0.0348893412150788 0 0 0 0 0 0 0.115590316779951 0 0 0.0736382113447694 0 0 0 0.0197357236827946 0 0 0.0367254019580554
0 0 0 0 -0.0857405364822905 0 -0.0647958915063903 0 0 0 0 0.159195336170898 0 0 0 0 0 0.0386359228321175 0 0 0 0 0 0 0 0 0 0 0 0 0 0 0 0 0 0 0 0 0 0 0 0 0 0 0 0 0 0 -0.0917822136704054 0 0 -0.065828228295512 0 0 0 -0.00937828407683283 0 0 0 0 0 0 0 0 0 0 0.0372079365661855 0 0 0 0 0.0333001569723556 0 0.0992329219472706 1 0 0 0 0 0 0 0 0.00315403074086296 0 0.0252051691692716 0 0 0 0 0.134763527630657 0 0 0 0 0 0.0178955832838052 0.0334771413798686 0 0 0
0 0 0 0 0 0 0 0 0 0 0 0 0 0 0 0 0 0 0 0 0.413275066388069 0 0 0 0 0 0 0 0 0 0 0.42290122445794 0 0 0 0 0 0 0 0 0.289623763958001 0 0 0 0 0 0 0 0 0 0 0 0 0 0 0 0 0 0 0 0 0 0 0 0 0 0 0 0 0 0 0 0 0 0 1 0 0 0 0 0 0 0 0 0 0 0.346595158883663 0 0 0 0 0 0 0 0 0 0 0 0 0
0 0.00510741070858967 0 0 0 0 0 0 0 0 0 0 0 0 0 0 0 0 0 0 0 0 0 0 0 0 0 0 0 0 0 0 0 0 0.0214834029357936 0 0 0 0.0970560286069149 0 0 0 0.0483735052060953 0 0.117886341507993 0 0.0885860848634329 0 0 0 0 0 0 0.0814495160862123 0 0 0 0 0.0224552463489534 0 0.0480702025583786 0.168356615757148 0 0 0 0.0606403282290428 0 0 0 0.0845777110453858 0 0 0 0 0 0 1 0 0 0.0811792547262448 0 0 0.164914160708406 0 0 0 0 0 0.0341116136205821 0 0 0 0 0.197050289337322 0 0 0 0 0.088893423410161 0
0.115144072643436 0 0 0 0 0 0 0 0 0 0 0 0 0 0 0 0 0.0547911758730369 0 0 0 0 0 0 0.0798981093105054 0 0 0 0 0 0 0 0 0 0 0.0115702743356807 0.0851130890948543 0 0 0 0 0.0470897362916454 0 0 0 0 0 0 0 0 0 -0.0133493160911093 0 0 0 0 0 0 0 0 0 0 0 0 0 0 0.015663400360908 0 0.0358488767098611 0 0 0 0 0 0 0 0 1 0 0 0 0 0 0 0 0 0 0 0 0 0 0 0 0 0 0 0 0 0 0.0704317496816865
0 0 0.0420359230081729 0 0 0.0175898482114486 0 0 0 0 0 0 0 0 0 0 0 0 0 0 0 0 0 0 0 0 0 0.19276268025302 0 0 0 0 0 0.0174812584299033 0.0466984165001406 0 0 0 0 0.0192922113501038 0 0 0 0 0.0562990632682624 0 0.0398535101644348 0 0 0.0604422649829901 0 0 0 0 0 0 0 0 0.0238642240293165 0 0.124741373835056 0 0 0 0 0.0220082217774347 0 0 0 0.0734090458928812 0 0 0 0 0 0 0 0 1 0 0 0 0 0 0 0 0 0 0.00436007517588444 0 0 0 0 0 0 0 0.0297616413017942 0 0.0985190724900857 0
0 0 0 0 0 0 0 0 0 0 0.0656222036473441 0 0 0 0 0 0.0373921696108079 0 0 0 0 0 0 0 0 0 0 0 0 0 0 0 0 0 0 0 0 0 0 0 0 0 0.0741896135188728 0 0 0 0.0486004197608483 0 0 0 0 0 0 0.0449319543316333 0 0 0 0 0 0 0 0 0 0 0 0 0 0 0 0 0 0 0 0 0 0 0.0811792547262448 0 0 1 0 0 0.00201795607448552 0.0633183760040308 0 0 0 0 0 0 0.0727772115370963 0 0 0.184550031160131 0 0 0 0.0128912151900507 0 0
0 0 0 0 0 0 0 0 0 0 0 0 0 0 0 0 0 0 0 0 0 0 0 0 0 0 0 0 0 0 0 0 0 0 0 0 0 0 0 0 0 0 0 0 0 0 0 0 0 0 0 0 0 0 0 0 0 0 0 0 0 0 0 0 0 0 0 0 0 0 0 0 0 0 0 0 0 0 0 0 1 0 0 0 0 0 0 0 0 0 0 0 0 0 0 0 0 0 0 0
0 0 0 0.010345450340477 0 0 0 0 0 0 0 0 0 0 0 0 0 0 0 0 0 0 0 0 0 0 0 0 0 0 0 0 0 0 0 0 0 0.00234757996975843 0 0 0 0 0 0 0 0 0 0 0 0 0 0 0 0 0 0 0 0 0 0 0 0.131595219364696 0 0 0.011997286473414 0 0 0 0 0 0 0 0 0 0 0 0 0 0 0 0 1 0 0 0 0 0 0 0.0941590759327156 0 0 0 0 0 0 0 0 0 0 0
0 0 0 0 -0.0718068377189436 0 -0.115604034417456 0 0 0 0 0 0 0.0843153608943079 0 0 0.149937597705736 0 0 0 0 0.171136524458832 0 0 0 0 0 0 0 0 0 0 0 0 0 0 0 0 0.00544335024922082 0.164679970170511 0 0 0.0975920524310488 0 0 0 0.113373718354948 0 -0.109714555392335 0.0598142272423481 0 0 0.0336482797242942 0 0 -0.0641778962597238 0.049903437525792 0 0 0.0632056762067456 0.190725063098484 0.115676186443728 0 0 0 0.0320984353500717 0 0 0 0 0 0 0 0.0348893412150788 0.00315403074086296 0 0.164914160708406 0 0 0.00201795607448552 0 0 1 0.120895907406146 0 0 0 0.115795106846632 0 0.0517940090985104 0 0 0.0883632757875847 0.131933915319534 -0.0265943829191732 0 0 0 0 0
0 0 0 0 0 0 0 0 0 0 0 0 0 0 0 0 0.00196182283625301 0 0 0 0 0.0502201981301119 0 0 0 0 0 0 0 0 0 0 0 0 0.0204603827422067 0 0 0 0 0.102195202270317 0 0 0 0 0 0 0.062357696305503 0 0 0 0 0 0 0.027578254718379 0 0 0 0 0 0 0.0718698698163713 0 0 0 0 0 0 0 0 0 0 0 0 0 0 0 0 0 0 0.0633183760040308 0 0 0.120895907406146 1 0 0 0 0.0219906205511444 0 0 0 0 0 0.0655531319681329 -0.0262799648536114 0 0 0 0 0
0 0 0 0 -0.126710698918177 0 0 0 0 0 0 0.0997624588986096 0 0 0 0 0 0.0445572207176264 0.096378075433991 -0.0877753067207416 0 0 0 0.171841287347661 0.0546146619785995 0 0 0 0 0 0 0 0 0 0 0 0 0 0 0 0 0 0 0 0 0 0 0 -0.118928811196432 0 0 0 0 0 0 0 0 0 0 0 0 0 0 0 0 0 0.139991180082065 0 0.145285880318859 0 0 0 0 0 0.0252051691692716 0 0 0 0 0 0 0 0 0 1 0 0 0 0 0.165476896538959 0 0 0 0 0 0 0.0895951002334014 0 0 0.11245018374466
0 0 0 0 0 0 0 0 0 0 0 0 0 0 0 0.0349923618442336 0 0 0 0 0 0 0 0 0 0 0 0 0 0 0 0 0 0 0 0 0 0 0 0 0 0 0.0446285107209217 0 0 0 0 0 0 0 0 0 0 0 0 0 0 0 0 0 0 0 0 0 0 0 0.0538531958359498 0 0 0 0 0 0 0 0 0 0 0 0 0 0 0 0 0 0 1 0 0 0 0 0 0 0 0 0 0 0 0 0 0
0 0 0 0 0.000473286514554805 0 0 0 0 0 0 0 0 0 0 0 0 0 0 0 0.313116813725172 -0.0253758110637842 0 0 0 0 0 0 0 0 0 0.337929818141046 0 0 0 0 0 0 0 0 0.177017770685178 0 0 0 0 0 0 0 0 0 0 0 0 0 0 0 0 0 0 0 0 0 0 0 0 0 0 0 0 0 0 0 0 0 0 0.346595158883663 0 0 0 0 0 0 0 0 0 0 1 0 0 0 0 0 0 0 0 0 0 0 0 0
0 0 0 0 0 0 -0.00101082886368009 0 0 0 0 0 0 0 0 0 0.131141906719773 0 0 0 0 0.108409622188215 0 0 0 0 0 0 0 0 0 0 0 0 0 0.018037783597754 0 0 0 0.106880889093023 0 0 0 0 0 0 0 0 -0.00802860426053187 0 0 0 0 0 0 0 0 0.0922259017353004 0 0 0.117857270732229 0 0 0 0 0 0 0 0.0666220146172553 0 0 0 0.0349569850687114 0 0 0 0 0 0 0 0 0 0.115795106846632 0.0219906205511444 0 0 0 1 0 0 0 0 0.0263666096266976 0 0 0 0 0 0 0.103814201595255
0 0 0 0.0939504779362981 0 0.0377699008410921 0 0 0 0.102499777007134 0 0 0 0 0 0 0 0 0 0 0 0 0 0 0 0 0 0.118828806282635 0 0 0 0 0 0 0.0564329066911164 0 0 0.0128483192927555 0 0 0 0 0 0 0.0620207214249627 0 0 0 0 0 0 0 0 0.0238342198912118 0.0510638718244216 0 0 0 0.181694643924318 0 0.0550344512207874 0.0248870999213271 0 0 0 0 0 0 0 0.0308460555873742 0 0 0 0 0 0 0.0341116136205821 0 0.00436007517588444 0 0 0.0941590759327156 0 0 0 0 0 0 1 0 0 0 0 0 0 0 0 0 0 0
0 0 0 0 -0.198333923006499 0 -0.142086305778138 0 0.0150088798631863 0 0 0.125448210268447 0 0 0 0 0 0 0.0228153690155533 -0.104033523289685 0 0 0 0.0063139103181159 0 0 0 0 0 0 0 0 0.0732967784636099 0 0 0 0 0 0 0.0352272793210178 0 0 0 0 0 0 0 0 -0.226535485530614 0.0217697627661222 0 -0.0798061264449823 0.130065117278051 0 0 -0.112240185948322 0 0 0 0 0.00880792479446779 0 0 0 0 0 0.125644141798703 0 0 0 0 0 0 0.115590316779951 0.134763527630657 0 0 0 0 0 0 0 0.0517940090985104 0 0.165476896538959 0 0 0 0 1 0 0 0 0 0 0 0.076242086790661 0 0 0.11094868226001
0 0.0276260981628359 0 0 0 0 0 0 0 0 0 0 0 0 0 0 0 0 0 0 0 0 0 0 0 0 0 0 0 0 0 0 0 0 0 0 0 0 0 0 0 0 0.0105580586911942 0 0 0 0 0 0 0 0.0504922286003437 0 0 0 0 0 0 0 0 0 0 0 0 0 0 0 0 0 0 0 0 0 0 0 0 0 0 0 0 0.0727772115370963 0 0 0 0 0 0 0 0 0 0 1 0 0 0.0567115650749614 0 0 0 0 0 0
0 0 0.053099814087983 0 0 0 0 0 0.0206437190596077 0 0 0 0 0 0 0 0 0 0 -0.0300395575475985 0 0 0 0 0 0 0 0.01088629653233 0 0 0 0 0 0 0 0 0 0 0 0 0 0 0 0 0 0 0 0 0 0 0 0 0 0 0 0 0 0 0 0 0.0602831473713255 0 0 0 0 0 0 0 0 0 0 0 0 0 0 0 0 0 0 0 0 0 0 0 0 0 0 0 0 0 0 1 0 0 0 0 0 0 0 0
0 0 0 0 0 0 0 0 0 0 0 0 0 0 0 0 0.0691344375332933 0 0 0 0 0 0 0 0 0 0 0 0 0 0 0 0 0 0 0 0 0 0 0 0 0 0 0 0 0 0 0 0 0 0 0 0 0 0 0 0.12708648261455 0 0 0 0.0619074824459914 0.0739572564034762 0 0 0 0 0 0 0 0 0 0 0.0201615340792877 0.0736382113447694 0 0 0 0 0 0 0 0 0.0883632757875847 0 0 0 0 0.0263666096266976 0 0 0 0 1 0 0 0 0 0 0 0
0 0 0 0 0 0 0 0 0 0 0 0 0 0 0 0 0 0 0 0 0 0 0 0 0 0 0 0 0 0 0 0 0 0 0 0 0 0 0.0692840039267506 0 0 0 0.18388681219661 0 0 0 0.00307153660470239 0 0 0 0.00222164208431763 0 0 0.0420960086522173 0 0 0 0 0 0 0 0 0 0 0 0 0 0 0 0 0 0 0 0 0 0 0.197050289337322 0 0 0.184550031160131 0 0 0.131933915319534 0.0655531319681329 0 0 0 0 0 0 0.0567115650749614 0 0 1 0 0 0 0 0 0
0 0 0 0 0 0 0 0 0 0 0 0 0 0 0 0 0 0 0 0 0 0 0 0 0 0 0 -0.035259283949155 0 0 0 0 0 0 0 0 0 0 0 0 0 0 0 0 -0.0512675139012078 0 -0.0242901912181215 0 0 -0.0305629231921707 0 0 0 0 0 0 0 0 0 0 -0.00536927984013913 0 0 0 0 0 0 0 0 -0.0153711823262559 0 0 0 0 0 0 0 0 0 0 0 0 -0.0265943829191732 -0.0262799648536114 0 0 0 0 0 0 0 0 0 0 1 0 0 0 0 0
0 0 0 0 0 0 0 0 0 0 0 0 0 0 0 0 0 0 0 0 0 0 0 0 0 0 0 0 0 0 0 0 0 0 0 0 0 0.0464327605655229 0 0 0 0 0 0 0 0 0 0 0 0 0 0 0 0 0 -0.0060589097691286 0 0 0 0 0 0 0 0 0 0 0 0 0 0 0 0 0 0 0.0178955832838052 0 0 0 0 0 0 0 0 0 0 0 0 0 0 0 0 0 0 0 0 1 0 0 0 0
0 0 0 0 0 0.0331633466593581 0 0 0 0 0 0 0 0 0 0 0 0.0261489954760128 0.181491451915186 0 0 0 0.0788512939113568 0.064892625685235 0.0517063249114412 0 0 0 0 0 0 0 0 0 0 0 0 0 0 0 0 0 0 0 0 0 0 0 0 0 0 -0.0525423645190364 0 0 0 0 0 0 0 0 0 0 0 0 0 0 0 0 0 0 0 0 0 0.0197357236827946 0.0334771413798686 0 0 0 0.0297616413017942 0 0 0 0 0 0.0895951002334014 0 0 0 0 0.076242086790661 0 0 0 0 0 0 1 0 0 0
0 0 0 0 0 0 0 0 0 0 0 0 0 0 0 0 0.0477171982061335 0 0 0 0 0 0 0 0 0 0 0 0 0 0 0 0 0 0 0 0 0 0 0 0 0 0 0 0 0 0 0 0 0 0 0 0 0 0 0 0 0 0 0 0 0 0 0 0 0 0 0 0 0 0 0 0 0 0 0 0 0 0 0.0128912151900507 0 0 0 0 0 0 0 0 0 0 0 0 0 0 0 0 0 1 0 0
0 0 0 0.0196697337464072 0 0 0 0 0 0 0 0 0 0 0 0 0 0 0 0 0 0 0 0 0 0 0 0.056791762812758 0 0 0 0 0 0 0 0 0 0 0.0421678435104145 0 0 0 0 0 0.292319444497649 0 0.125610073091499 0 0 0.0493309669149851 0 0 0 0 0 0 0 0 0 0 0.067261836868859 0 0 0 0 0.000681089874868812 0 0 0 0.127501717330016 0 0 0 0 0 0 0.088893423410161 0 0.0985190724900857 0 0 0 0 0 0 0 0 0 0 0 0 0 0 0 0 0 0 0 1 0
0 0 0 0 -0.147196771169911 0 -0.120601538859964 0 0 0 0 0 0 0 0 0 0 0.1328291193285 0 0 0 0.04521972904025 0 0.0128320768075919 0 -0.0174640656683088 0 0 0 0 0 0 0 0 0 0.0682197199703964 0.107147088062888 0 0 0.0614197457029196 0 0 0 0 0 0 0 0 -0.1214562548321 0 0 -0.0561698105042601 0.0373483302272708 0 0 -0.0825820994512648 0 0 0 0 0.00120448611132451 0 0 0 0 0 0.0794910077208353 0 0.143863188312809 0 0 0 0.0830778799167214 0.0367254019580554 0 0 0 0.0704317496816865 0 0 0 0 0 0 0.11245018374466 0 0 0.103814201595255 0 0.11094868226001 0 0 0 0 0 0 0 0 0 1
