"V1" "V2" "V3" "V4" "V5" "V6" "V7" "V8" "V9" "V10" "V11" "V12" "V13" "V14" "V15" "V16" "V17" "V18" "V19" "V20" "V21" "V22" "V23" "V24" "V25" "V26" "V27" "V28" "V29" "V30" "V31" "V32" "V33" "V34" "V35" "V36" "V37" "V38" "V39" "V40" "V41" "V42" "V43" "V44" "V45" "V46" "V47" "V48" "V49" "V50" "V51" "V52" "V53" "V54" "V55" "V56" "V57" "V58" "V59" "V60" "V61" "V62" "V63" "V64" "V65" "V66" "V67"
"1" 1 0 0 0 -2.15350719974279e-22 0 0 0 0 0 3.94419985840438e-22 0 0 0 -2.15350719972847e-22 0 0 0 0 0 0 0 -5.92418979389228e-22 0 0 -4.52120616864321e-22 0 0 -4.8093975172753e-22 0 0 0 0 0 0 -3.33046736035405e-22 1.69500880907026e-21 0 0 0 0 0 -1.99231964071305e-23 2.43982059897119e-21 0 0 0 2.30189482714535e-22 0 0 -5.00533772142454e-22 0 0 0 0 0 1.43946804512569e-22 0 0 -6.93197039159281e-22 -4.31447436864915e-22 0 0 -1.01145059666234e-21 0 0 0
"2" 0 1 -5.85748736106355e-21 0.727873220962938 0 -4.33151287596341e-23 0 0 0 0 0 0 5.45338529396022e-21 0 0 0 0 5.57010222954889e-21 0 -8.79374327106235e-21 -8.45908020415775e-21 0 0 0 1.07223834884179e-20 1.17103528619662e-20 3.40311020470387e-21 0 0 0 -1.57168548682131e-20 1.37891586446392e-20 0 0 0 0 -9.52874468615601e-21 0 0 3.4382354036477e-21 0 0 0 8.03798440077562e-21 0 0 1.76694219081863e-22 0 -1.00504814921811e-20 0 1.10214327526882e-21 -5.56948956056686e-21 0 -4.90874024760625e-21 2.02776527992827e-20 0 0 0 0 0 0 0 0 0 -2.21652810180697e-21 0 0
"3" 0 -5.85748736106355e-21 1 0 0 -0.0346285323541503 0 0 0 0 0 0 -0.00201855220901026 0.00606627004048696 0 0 0 0.00299335465001689 -0.00113138948382755 0 -0.00232809201109974 -4.58959961259273e-21 0 0 0.0204658597767995 0 -0.0233729261662466 0 0 0.00345053415249047 0.0199388075209913 -0.00394857033730422 0 -0.00575853508018762 -0.00559137137201715 0 -0.024713996716415 -0.00315335506158183 0.0692435307485485 0.0189305456315544 0.0207647459910999 0 0 -0.0544062381491438 0.00364791426245812 0 -0.0208155314454072 0 0.000824483934567048 0.652766720197552 0 0.00838982592419237 0 0.000477361010968106 0.448064889795298 0.033830730321561 0 0 0 0 0 0 0 0 0 0 0
"4" 0 0.727873220962938 0 1 0 0 0 0 0 0 0 0 0 0 0 0 0 0 0 0 0 0 0 0 4.46711384872946e-21 0 -5.07986608393769e-21 0 0 0 0 0 0 0 0 0 0 0 0 0 0 0 0 2.30337441790859e-21 0 0 0 7.07441624827493e-21 5.24985839705365e-21 0 8.57349161155571e-21 0 0 0 0 3.37750232045496e-21 0 0 0 0 0 0 0 7.7773954793468e-21 0 0 0
"5" -2.15350719974279e-22 0 0 0 1 0 0 0 0 0 0 0 0 0 0 0 0 0 0 0 0 0 0 0 0 0 0 0 2.80866926406263e-21 0 0 0 0 0 0 3.56577589121902e-21 0 0 0 0 0 0 0 0 0 0 0 0 0 0 0 0 0 0 0 0 -4.02272710464959e-21 0 0 1.8231382025886e-21 4.32100490560365e-21 0 0 0 0 0 0
"6" 0 -4.33151287596341e-23 -0.0346285323541503 0 0 1 0.508985824869945 0 0 0 0 0 -0.0232729621273161 0.0115956095388989 0 0 0 -0.000520862612785115 -0.00690830302579895 -0.00188072307825276 0.0239440529274161 3.22646005842114e-21 0 0 -0.0242232853431442 0.0302827588969526 -0.00218637458810912 0 0 -0.0376317685092932 0.00135459851816671 -0.0583938295995849 0.0242886127728306 0.0159550175979009 0.0803484331517132 0 0.0338565244064726 0.540144337511718 0.359500404362471 0.429611140687667 0.402771839686617 0 0 0.0990100365007996 0 0 0.122456621017844 0 0.058307335108767 0.00900532743510865 0 -0.0423151499084948 0 0.076385773472514 0.106333889755192 -0.0352474815417103 0 0 0 0 0 0 0 -0.00770734008675238 -0.0782789408560875 0 0
"7" 0 0 0 0 0 0.508985824869945 1 0 0 0 0 0 0 0 0 0 0 0 0.00727597650321433 0.000652101209904728 -0.00936460124538985 0 0 0 0 0 0 8.38829395810078e-22 0 0 -0.000378322538132438 0 0 0 0 0 -0.00920315833533528 0 0 0 0 0 0 0 0 0 -0.0393445104875098 0 0 0 0 0 0 0 0 0 0 0 0 0 0 0 0 0 0.0258427721461494 0 0
"8" 0 0 0 0 0 0 0 1 0.607425436279182 6.9612875069284e-23 0 0 0 0 0 0 0 0 0 0 0 0 0 0 0 0 0 0 0 0 0 0 -0.00690730694863497 0 0 0 0 0 0 0 0.0288401791841125 0 0 0 0 0 0 0 0.00159518461603984 0 0 -0.0102458092895574 0 0 0 0.0660160046629872 0 0 0 0 0 0 0 0.391320892644971 0 0 0
"9" 0 0 0 0 0 0 0 0.607425436279182 1 -1.6021235713283e-21 0 0.555675040555973 0 0.0247539946768656 0 0 0 0 0 0 0 0 0 0 0 0 0 0 0 0 0 0 0.0670590768975521 0 0 0 0 0 0 0 0.0718882716748304 0 0 0 0 0 0 0 0.029428121366633 0 0 -0.0149377612445057 0 0 0.0116053857376138 0.361403845979327 0 0 0 0 0 0 0 0.354698920752763 0 0 0
"10" 0 0 0 0 0 0 0 6.9612875069284e-23 -1.6021235713283e-21 1 0 -3.86964867639536e-22 0 -4.95243607498805e-21 0 0 0 0 0 0 0 0 0 0 0 0 0 0 0 0 0 0 2.22957497418101e-21 0 0 0 0 0 8.01883026869037e-22 0 0 0 0 0 0 0 0 0 1.90709306610841e-21 1.49125878382132e-21 0 3.22349023326423e-21 0 0 0 1.27053231467135e-21 0 0 0 0 0 0 0 6.43640782345301e-22 0 0 0
"11" 3.94419985840438e-22 0 0 0 0 0 0 0 0 0 1 0 0 0 0 1.07673032391697e-21 0 0 0 0 0 0 0 0 0 0.0253084807925632 0 0 0 0 0 0 0 0 0 0.00876138991979164 -0.00813122424259376 0 0 0 0 0 0.450092765084118 -0.0360914757116693 0 0 0 0.474595974575383 0 0 0.280243072480454 0 0 0 0 0 0 0 0 0.182607634580237 0.000281449370632274 0 -0.0786705331887594 0.523156396995832 0 1.60831589357026e-21 0
"12" 0 0 0 0 0 0 0 0 0.555675040555973 -3.86964867639536e-22 0 1 0 0.00625980791783139 0 0 0 0 0 0 0 0 0 0 0 0 0 0 0 0 0 0 0.0280825585540548 0 0 0 0 0 0 0 0 0 0 0 0 0 0 0 0 0 0 0 0 0 0 0.379477527446436 0 0 0 0 0 0 0 0 0 0 0
"13" 0 5.45338529396022e-21 -0.00201855220901026 0 0 -0.0232729621273161 0 0 0 0 0 0 1 0.030193368927086 0 0 0 0.00161684192564023 -0.0116159000425587 0 -0.0784976142970546 6.08829847524205e-21 0.00314727305722542 0 -0.0831180240567796 0 0.0664332041232153 0 0 0.047873040721692 0.442268938427151 0.405069078403208 0.0600052081759912 -0.020054638216682 -0.0388908182995909 0 0.373036664971503 -0.0215857877743487 0.0324323352414458 -0.0197551721947235 0.0996835122816572 0 0 -0.0482238308634385 0 0 0.278252992363354 0 0.086982678049116 -0.0229430897137441 0 -0.0362308976520671 0 0.0686180985754565 0.0294385244196234 0.206201801700319 0 0 0 0 0 0 0 -0.00596684737333323 0 0 0
"14" 0 0 0.00606627004048696 0 0 0.0115956095388989 0 0 0.0247539946768656 -4.95243607498805e-21 0 0.00625980791783139 0.030193368927086 1 0 0 0 -0.0120725614165613 0 0 0 -5.80329418374217e-21 0 0 -0.0299748355796094 0 0 0 0 0 -0.00981057759399383 0.397269975371318 -0.00798644130896089 0 0 0 0 0.00916957054537248 -0.0198996894591272 -0.0377455827059623 -0.00577957599615404 0 0 0 0 0 0 0 0.0203720825650383 0.00695396911071503 0 0.00577288852305216 0 0.0283772884565429 -0.00407371379169635 -0.0341409924179602 0 0 0 0 0 0 0 -0.0165036096672685 0 0 0
"15" -2.15350719972847e-22 0 0 0 0 0 0 0 0 0 0 0 0 0 1 0 0 0 0 -8.87330657326974e-22 0 0 0 0 0 2.96724657801108e-21 0 0 0 0 0 1.86416353496723e-21 0 0 0 0 -2.13741709220684e-21 0 0 0 0 0 0 0 0 0 -6.42778709162447e-22 0 0 0 9.25609715149847e-22 0 0 0 0 0 0 0 -6.7678696888737e-22 -1.56580437986907e-21 9.70245472498178e-22 0 0 0 0 0 0
"16" 0 0 0 0 0 0 0 0 0 0 1.07673032391697e-21 0 0 0 0 1 0 0 0 0 0 0 0 0 0 0 0 0 0 0 0 0 0 0 0 -3.87620064166209e-21 0 0 0 0 0 0 1.5007008886381e-21 0 0 0 0 4.49398510812241e-21 0 0 0 0 0 0 0 0 0 0 0 1.8879900992369e-21 -2.11274576218941e-21 0 -1.26209583802168e-21 0 0 -2.15350719984444e-22 0
"17" 0 0 0 0 0 0 0 0 0 0 0 0 0 0 0 0 1 0 0 0 1.19983446667854e-21 0 0 0 0 -2.41667669854778e-21 0 0 0 0 0 0 0 0 0 0 6.58947780329613e-21 0 0 0 0 0 0 -1.03224701711716e-21 0 0 8.41068982035306e-23 0 0 0 0 0 -2.15350719984617e-22 0 0 0 0 0 0 0 0 0 0 0 2.79618109252852e-21 0 0
"18" 0 5.57010222954889e-21 0.00299335465001689 0 0 -0.000520862612785115 0 0 0 0 0 0 0.00161684192564023 -0.0120725614165613 0 0 0 1 0.000550505314181502 1.12169029176095e-05 -0.0108059607329444 5.65649791090305e-21 0.620347380629942 0 -0.510325986039054 0.0482430933922335 0.508190331175754 0 0 -0.0112181430131968 0.509314670719488 0.0375752466515343 -0.0105088502185589 0.00602652331742261 0.00940347629839057 0 -0.0208669975811679 -0.0108968680077001 0.0257589904227471 0.00162476845489858 -0.00074309515980322 0 0 0.0219913365368511 -0.00811912034973231 0 0.0278378855688383 0 -0.0300146151046109 -0.0115449570511834 0 -0.0113458650907381 0 -0.0409014289642049 0.000762916532209881 0.0468314245197608 0 0 0 0 0 0 0 -0.012166959917743 0.025218619950355 0 0
"19" 0 0 -0.00113138948382755 0 0 -0.00690830302579895 0.00727597650321433 0 0 0 0 0 -0.0116159000425587 0 0 0 0 0.000550505314181502 1 0.00225369816872983 0 -7.32314468529866e-22 0 0 -0.014586686846757 0.0104270758905955 -0.0161942883102035 0 0 -0.02166941674448 -0.0188815967591454 -0.00162227833473449 0 0.000866681419068974 -0.00808377032226895 0 -0.00277491384760424 -0.0140243562591149 -0.00734196691584678 0.0371723297952476 -0.0136617557677153 0 0 -0.014831131473072 0.51226536645756 0 0.0510190804802772 0.00398937827352793 -0.0190424537092579 0 -0.028197037046272 0 0 -0.00413284184899561 -0.00612092375468547 0 0 0 0.011477400467503 0 0 0 0 -0.00324538209229227 -0.00219069145062299 0 0
"20" 0 -8.79374327106235e-21 0 0 0 -0.00188072307825276 0.000652101209904728 0 0 0 0 0 0 0 -8.87330657326974e-22 0 0 1.12169029176095e-05 0.00225369816872983 1 0 0 0 0 -0.0464280844256569 0.427463462752714 0.396712935266852 0 0 -0.00515642216996732 0.0472112777148125 0.0502923816211946 0 0.00228821133121304 0.00357995747165426 0 -0.0328218009193202 0 0 -0.00138981118694578 0 0 0 0.00179696454671548 -0.00335738731826638 0 0.012517576981198 0 -0.027094902447932 0 0.0517016775093106 0 0 -0.0382097664040712 0.0110192345829959 0 0 0 0 0.00551929296566883 -0.0173072269336635 0 0 0 0.0458562819648612 0 0
"21" 0 -8.45908020415775e-21 -0.00232809201109974 0 0 0.0239440529274161 -0.00936460124538985 0 0 0 0 0 -0.0784976142970546 0 0 0 1.19983446667854e-21 -0.0108059607329444 0 0 1 0 0 0 -0.0304129835815277 0.50771856214972 0.436395011164032 0 0 0 0.0803899171800873 0.0790471753495118 0 0 0 0 -0.000120001087094152 0 0.0141763866769402 0.00556024860744069 0 0 0 0.00752767614458436 0 0 0.0279242636948216 0 -0.0319020026111508 0 0 -0.00297281254470827 0 -0.00160234030363961 0.0166450012361779 0 0 0 0 0 0 0 0 0 0.451626696292783 0 0
"22" 0 0 -4.58959961259273e-21 0 0 3.22646005842114e-21 0 0 0 0 0 0 6.08829847524205e-21 -5.80329418374217e-21 0 0 0 5.65649791090305e-21 -7.32314468529866e-22 0 0 1 0 0 6.11188437299811e-21 0 0 0 0 0 -1.51460007002561e-20 1.08464300811909e-20 0 -8.79868899560248e-21 0 0 0 -1.11539874652037e-21 0 3.89848023158821e-21 0 0 0 0 0 0 6.24405739083037e-22 0 0 0 0 0 0 -2.00093900652767e-21 1.2457860117755e-20 0 0 0 4.32503408622801e-21 0 0 0 0 0 0 0 0
"23" -5.92418979389228e-22 0 0 0 0 0 0 0 0 0 0 0 0.00314727305722542 0 0 0 0 0.620347380629942 0 0 0 0 1 0 -0.51090165139469 0 0.519825497274514 0 0 0 0.474813909237658 0.0336527658151573 -0.0187593412864392 0 0 0 0 0 0 0 0.0102773436703786 0 0 0.0145756248148609 0 0 0 0 0 0 0 -0.022956655178194 0 0 0.0124219921391472 0.079710641763462 0.0286544877936538 0 0 0 0 3.24359865221208e-21 0 0 0 0 0
"24" 0 0 0 0 0 0 0 0 0 0 0 0 0 0 0 0 0 0 0 0 0 0 0 1 0 0 0 0 0 0 0 0 0 0 0 0 0 0 0 0 0 0 0 0 0 0 0 0 0 0 0 0 0 0 0 0 0 0 0 0 0 0 0 0 0 0 0
"25" 0 1.07223834884179e-20 0.0204658597767995 4.46711384872946e-21 0 -0.0242232853431442 0 0 0 0 0 0 -0.0831180240567796 -0.0299748355796094 0 0 0 -0.510325986039054 -0.014586686846757 -0.0464280844256569 -0.0304129835815277 6.11188437299811e-21 -0.51090165139469 0 1 -0.45200856647383 -0.625987802169605 0 0 0.00910473520432836 -0.5948039692287 -0.373889203327623 -0.00772939675260247 0.0228261581847988 -0.0139837307146037 0 0.055011071621074 0.0283197966544918 0.0627418034688556 -0.0149595514289225 0.00853932527369836 0 0 0.0231095425345786 0 0 -0.0263237744648106 0 -0.0898148424012584 -0.0112335965250112 -0.380378920896055 0.000352717563325162 0 -0.0499955905770224 -0.0465403588774595 -0.30911557503838 0 0 0 0 0 0 0 -0.0425221464893935 0 0 0
"26" -4.52120616864321e-22 1.17103528619662e-20 0 0 0 0.0302827588969526 0 0 0 0 0.0253084807925632 0 0 0 2.96724657801108e-21 0 -2.41667669854778e-21 0.0482430933922335 0.0104270758905955 0.427463462752714 0.50771856214972 0 0 0 -0.45200856647383 1 0.595080560997454 0 0.357939653029954 0 0.441810192655092 0.43957900487212 0 -0.0278155818475907 0 -0.0386337961538733 0.0557277443508574 0 0 0.0223102145589635 0 -0.0400423431134287 0.0288701578212721 0.0238863607412468 0 0 0.126329147114036 0.0166413402918961 0.00948661212054091 0 0.26921741340677 0 0 0.0153674549035497 -0.032859381528659 0 0.0462163458167857 0 0 0.0222719176014096 0.00334324452161705 0 0 -0.00913238783801763 0.403305951677432 0 0
"27" 0 3.40311020470387e-21 -0.0233729261662466 -5.07986608393769e-21 0 -0.00218637458810912 0 0 0 0 0 0 0.0664332041232153 0 0 0 0 0.508190331175754 -0.0161942883102035 0.396712935266852 0.436395011164032 0 0.519825497274514 0 -0.625987802169605 0.595080560997454 1 0 0 0 0.627968441194775 0.40348313214648 0.0443499581449412 -0.007321727535309 0 0 0.0472305444787379 0 0 0.00545800803484693 0 -0.0374610104927963 0 -0.0400831973144426 0.0602521147473053 0 0.272492124711343 -0.0126822103922708 0.0930044072930674 0 0.317195399644449 0.0468100102538176 0 0.126380286777454 -0.00780010658112022 0.258946753623819 0 0 0 -0.00193335583910858 0.0986647996176612 0 0 0.095165449906362 0.480044011180912 0 0
"28" 0 0 0 0 0 0 8.38829395810078e-22 0 0 0 0 0 0 0 0 0 0 0 0 0 0 0 0 0 0 0 0 1 0 0 0 0 0 0 0 0 0 0 0 0 0 0 0 0 0 0 0 0 0 0 0 0 0 0 0 0 0 0 0 0 0 0 0 0 0 0 0
"29" -4.8093975172753e-22 0 0 0 2.80866926406263e-21 0 0 0 0 0 0 0 0 0 0 0 0 0 0 0 0 0 0 0 0 0.357939653029954 0 0 1 0 0 0 0 0 0 0.0641696324943827 0 0 0 0 0 -0.0582378311722082 0.348449151013065 0 0 0 0 0 0 0 0 0 0 0 0 0 0.391185052414917 0 0 0.073314273188843 0.0249750721484452 0 0 0 0 0 0
"30" 0 0 0.00345053415249047 0 0 -0.0376317685092932 0 0 0 0 0 0 0.047873040721692 0 0 0 0 -0.0112181430131968 -0.02166941674448 -0.00515642216996732 0 0 0 0 0.00910473520432836 0 0 0 0 1 0.0335013508121629 0.017161708501139 0 -0.0201026868920123 -0.0308652669255645 0 0.000361563555342355 0.0628937675104391 0.0198627064044147 -0.000526534791297939 0.0408019299450033 0 0 -0.00633864642279776 0 0 0.310055513855515 0 0.0132416762522373 0 0 -0.00949930052077516 0 0.0123402097177372 -0.0126620167915633 0 0 0 0 0 0 0 0 0 0 0 0
"31" 0 -1.57168548682131e-20 0.0199388075209913 0 0 0.00135459851816671 -0.000378322538132438 0 0 0 0 0 0.442268938427151 -0.00981057759399383 0 0 0 0.509314670719488 -0.0188815967591454 0.0472112777148125 0.0803899171800873 -1.51460007002561e-20 0.474813909237658 0 -0.5948039692287 0.441810192655092 0.627968441194775 0 0 0.0335013508121629 1 0.594986947057377 0.0241408226282075 -0.000705200454736729 -0.0051190653324433 0 0.106436729604466 0.0480327254358853 0.0199294601255853 -0.0459187976629314 -0.00565470822047143 0 0 0.00424010841888538 0.05830397888472 0 0.353119814111542 0 -0.0309808580322277 0 0.00829621529777955 0.00768635516938872 0 0.0268927860960591 -0.0432081027998531 0 0 0 0 0 0 0 0 -0.0114684126961865 0.420182775856975 0 0
"32" 0 1.37891586446392e-20 -0.00394857033730422 0 0 -0.0583938295995849 0 0 0 0 0 0 0.405069078403208 0.397269975371318 1.86416353496723e-21 0 0 0.0375752466515343 -0.00162227833473449 0.0502923816211946 0.0790471753495118 1.08464300811909e-20 0.0336527658151573 0 -0.373889203327623 0.43957900487212 0.40348313214648 0 0 0.017161708501139 0.594986947057377 1 0 -0.0117608042157122 -0.0208874805222552 0 0.417487562585706 0.00414192655333821 0.0684136792762263 0.124755252203141 -0.00921215156760732 0 0 -0.00207417698658915 -0.0184883144534414 0 0.450251864092733 0 0.343908017066108 0 0.331098595029827 0.00748482828716265 0 0.289798020774075 -0.016940773071868 0 0 0 0 0 0 0 0 0.0439543440887672 0.391001131470369 0 0
"33" 0 0 0 0 0 0.0242886127728306 0 -0.00690730694863497 0.0670590768975521 2.22957497418101e-21 0 0.0280825585540548 0.0600052081759912 -0.00798644130896089 0 0 0 -0.0105088502185589 0 0 0 0 -0.0187593412864392 0 -0.00772939675260247 0 0.0443499581449412 0 0 0 0.0241408226282075 0 1 0 0 0 0 0 0.0801662642612654 0 0.352198254935297 0.374191725539367 0 -0.0137321104452714 0 0 0.377213105506026 0 0.435038875385745 0 0 0.0250323623030824 0 0 0.10429478947149 0.30267685829465 0 0 0 0 0 0 0 0.458932759984519 0 0 0
"34" 0 0 -0.00575853508018762 0 0 0.0159550175979009 0 0 0 0 0 0 -0.020054638216682 0 0 0 0 0.00602652331742261 0.000866681419068974 0.00228821133121304 0 -8.79868899560248e-21 0 0 0.0228261581847988 -0.0278155818475907 -0.007321727535309 0 0 -0.0201026868920123 -0.000705200454736729 -0.0117608042157122 0 1 0.624440211479553 0 0.0230213899692345 0.568740205298865 0.463741868151187 0.462551898703924 0 0 0 0.0070156628907527 0.0127571964471918 0 0.0404667558177799 0 0 0 0 0 0 0.440026354661265 0.490270383255248 0 0 0 0 0 0 0 0 0 0.0509189167656751 0 0
"35" 0 0 -0.00559137137201715 0 0 0.0803484331517132 0 0 0 0 0 0 -0.0388908182995909 0 0 0 0 0.00940347629839057 -0.00808377032226895 0.00357995747165426 0 0 0 0 -0.0139837307146037 0 0 0 0 -0.0308652669255645 -0.0051190653324433 -0.0208874805222552 0 0.624440211479553 1 0 0.0350012824054387 0.669347989703967 0.537204934358525 0.449577511658855 0.432572844664178 0 0 0.0791080843541792 0 0 0.0936391328404158 0 0 0 0 0.39514444935767 0 0.399457370130922 0.608425941341692 0 0 0 0 0 0 0 0 0 -0.0371537863633389 0 0
"36" -3.33046736035405e-22 0 0 0 3.56577589121902e-21 0 0 0 0 0 0.00876138991979164 0 0 0 0 -3.87620064166209e-21 0 0 0 0 0 0 0 0 0 -0.0386337961538733 0 0 0.0641696324943827 0 0 0 0 0 0 1 0 0 0 0 0 0 0.498961398337733 0 0 0 0 0.35787914854268 0 0 0 0 0 0 0 0 0.457434752964438 0 0 0.481890907440846 0.380906457254176 0 0 0 0 0 0
"37" 1.69500880907026e-21 -9.52874468615601e-21 -0.024713996716415 0 0 0.0338565244064726 -0.00920315833533528 0 0 0 -0.00813122424259376 0 0.373036664971503 0 -2.13741709220684e-21 0 6.58947780329613e-21 -0.0208669975811679 -0.00277491384760424 -0.0328218009193202 -0.000120001087094152 0 0 0 0.055011071621074 0.0557277443508574 0.0472305444787379 0 0 0.000361563555342355 0.106436729604466 0.417487562585706 0 0.0230213899692345 0.0350012824054387 0 1 0 0.315879409773944 0.407352055478973 0.306108004699329 0.00323699894758699 0 0.173129818544193 0 0 0.448381369986613 0 0.380782935098201 0 0.339848233553107 0.0393122001248903 0 0.361515134934203 0.0164903804151193 0 0 0 0 0.226213652454601 0.426797039781219 0 0 0 0.294934565640204 0 0
"38" 0 0 -0.00315335506158183 0 0 0.540144337511718 0 0 0 0 0 0 -0.0215857877743487 0.00916957054537248 0 0 0 -0.0108968680077001 -0.0140243562591149 0 0 -1.11539874652037e-21 0 0 0.0283197966544918 0 0 0 0 0.0628937675104391 0.0480327254358853 0.00414192655333821 0 0.568740205298865 0.669347989703967 0 0 1 0.542851529556649 0.614752965895666 0.486304625344736 0 0 0 0 0 0.251548467784109 0 0 0 0 0 0 0.445341568053288 0.510854239760282 0 0 0 0 0 0 0 0 0 0 0 0
"39" 0 0 0.0692435307485485 0 0 0.359500404362471 0 0 0 8.01883026869037e-22 0 0 0.0324323352414458 -0.0198996894591272 0 0 0 0.0257589904227471 -0.00734196691584678 0 0.0141763866769402 0 0 0 0.0627418034688556 0 0 0 0 0.0198627064044147 0.0199294601255853 0.0684136792762263 0.0801662642612654 0.463741868151187 0.537204934358525 0 0.315879409773944 0.542851529556649 1 0.594148788874741 0.623658258778655 0 0 0.394225409280479 0 0 0.329989634994828 0 0.406690519493149 0.335371509933219 0 0.414714435678398 0 0.484786061619216 0.525436747113587 0 0 0 0 0 0 0 0 0.184177107744055 0 0 0
"40" 0 3.4382354036477e-21 0.0189305456315544 0 0 0.429611140687667 0 0 0 0 0 0 -0.0197551721947235 -0.0377455827059623 0 0 0 0.00162476845489858 0.0371723297952476 -0.00138981118694578 0.00556024860744069 3.89848023158821e-21 0 0 -0.0149595514289225 0.0223102145589635 0.00545800803484693 0 0 -0.000526534791297939 -0.0459187976629314 0.124755252203141 0 0.462551898703924 0.449577511658855 0 0.407352055478973 0.614752965895666 0.594148788874741 1 0.471145770231785 0 0 0.28271771302496 0.338597395910868 0 0.371470473675624 0 0.40670071261331 0 0.215482433290907 0 0 0.530788777781122 0.414805291916147 0 0 0 0 0 0 0 0 0 -0.0510570541187841 0 0
"41" 0 0 0.0207647459910999 0 0 0.402771839686617 0 0.0288401791841125 0.0718882716748304 0 0 0 0.0996835122816572 -0.00577957599615404 0 0 0 -0.00074309515980322 -0.0136617557677153 0 0 0 0.0102773436703786 0 0.00853932527369836 0 0 0 0 0.0408019299450033 -0.00565470822047143 -0.00921215156760732 0.352198254935297 0 0.432572844664178 0 0.306108004699329 0.486304625344736 0.623658258778655 0.471145770231785 1 0 0 0.314287614996524 0 0 0.314296645120822 0 0.475400244196247 0 0 0.377612122245094 0 0.424742897643866 0.426441558278003 0.35535434946569 0 0 0 0 0 0 0 0.287115820388031 0 0 0
"42" 0 0 0 0 0 0 0 0 0 0 0 0 0 0 0 0 0 0 0 0 0 0 0 0 0 -0.0400423431134287 -0.0374610104927963 0 -0.0582378311722082 0 0 0 0.374191725539367 0 0 0 0.00323699894758699 0 0 0 0 1 0 0.367098073364101 0 0 0.285347523180844 0 0.34897284188271 0 0 0 0 0 0.260851501356628 0 0 0 0 0.374025285831927 0.39404602781142 0 0 0.280707572687929 0 0 0
"43" -1.99231964071305e-23 0 0 0 0 0 0 0 0 0 0.450092765084118 0 0 0 0 1.5007008886381e-21 0 0 0 0 0 0 0 0 0 0.0288701578212721 0 0 0.348449151013065 0 0 0 0 0 0 0.498961398337733 0 0 0 0 0 0 1 0 0 0 0 0.469540906016176 0 0 0 0 0 0 0 0 0 0 0 0.363028092418892 0.294137735400301 0 0.0345003743477259 0.324472701837777 0 5.73587916985144e-21 0
"44" 2.43982059897119e-21 8.03798440077562e-21 -0.0544062381491438 2.30337441790859e-21 0 0.0990100365007996 0 0 0 0 -0.0360914757116693 0 -0.0482238308634385 0 0 0 -1.03224701711716e-21 0.0219913365368511 -0.014831131473072 0.00179696454671548 0.00752767614458436 0 0.0145756248148609 0 0.0231095425345786 0.0238863607412468 -0.0400831973144426 0 0 -0.00633864642279776 0.00424010841888538 -0.00207417698658915 -0.0137321104452714 0.0070156628907527 0.0791080843541792 0 0.173129818544193 0 0.394225409280479 0.28271771302496 0.314287614996524 0.367098073364101 0 1 0.0480092460885129 0 0.0499034057048279 0.377914677441223 0.404207349482652 0 0.0456232245897349 0.379655692769753 0 0.320582684134906 0.19108491288487 -0.00705536650116871 0 0 0 0.354672045070863 0 0 0 0.182964712604503 -0.025225963641556 0 0
"45" 0 0 0.00364791426245812 0 0 0 0 0 0 0 0 0 0 0 0 0 0 -0.00811912034973231 0.51226536645756 -0.00335738731826638 0 0 0 0 0 0 0.0602521147473053 0 0 0 0.05830397888472 -0.0184883144534414 0 0.0127571964471918 0 0 0 0 0 0.338597395910868 0 0 0 0.0480092460885129 1 0 0.3064553193038 0 0 0 0 0 0 -0.000157268623905533 0 0 0 0 0 0 0 0 0 0 0.051694625310379 0 0
"46" 0 0 0 0 0 0 0 0 0 0 0 0 0 0 0 0 0 0 0 0 0 0 0 0 0 0 0 0 0 0 0 0 0 0 0 0 0 0 0 0 0 0 0 0 0 1 0 0 0 0 0 0 0 0 0 0 0 0 0 0 0 0 0 0 0 0 0
"47" 0 1.76694219081863e-22 -0.0208155314454072 0 0 0.122456621017844 -0.0393445104875098 0 0 0 0 0 0.278252992363354 0 -6.42778709162447e-22 0 8.41068982035306e-23 0.0278378855688383 0.0510190804802772 0.012517576981198 0.0279242636948216 6.24405739083037e-22 0 0 -0.0263237744648106 0.126329147114036 0.272492124711343 0 0 0.310055513855515 0.353119814111542 0.450251864092733 0.377213105506026 0.0404667558177799 0.0936391328404158 0 0.448381369986613 0.251548467784109 0.329989634994828 0.371470473675624 0.314296645120822 0.285347523180844 0 0.0499034057048279 0.3064553193038 0 1 0 0.430635988514706 0 0.229295200042415 0.0165514269324026 0 0.389777484744915 0.0653120939547371 0 0 0 0 0 0.31932201261186 0 0 0.279897422130493 0.409689358008773 0 0
"48" 2.30189482714535e-22 0 0 7.07441624827493e-21 0 0 0 0 0 0 0.474595974575383 0 0 0 0 4.49398510812241e-21 0 0 0.00398937827352793 0 0 0 0 0 0 0.0166413402918961 -0.0126822103922708 0 0 0 0 0 0 0 0 0.35787914854268 0 0 0 0 0 0 0.469540906016176 0.377914677441223 0 0 0 1 0 0 0.317104826600512 0 0 0.325450334997606 0 0 0 0 0 0.417499177175643 0 0 0 0.436220024768832 0 8.66540928299214e-21 0
"49" 0 -1.00504814921811e-20 0.000824483934567048 5.24985839705365e-21 0 0.058307335108767 0 0.00159518461603984 0.029428121366633 1.90709306610841e-21 0 0 0.086982678049116 0.0203720825650383 0 0 0 -0.0300146151046109 -0.0190424537092579 -0.027094902447932 -0.0319020026111508 0 0 0 -0.0898148424012584 0.00948661212054091 0.0930044072930674 0 0 0.0132416762522373 -0.0309808580322277 0.343908017066108 0.435038875385745 0 0 0 0.380782935098201 0 0.406690519493149 0.40670071261331 0.475400244196247 0.34897284188271 0 0.404207349482652 0 0 0.430635988514706 0 1 0 0.32136918431568 0.320241510429027 0 0.474274256400614 0.35418553789306 0.38332181267103 0 0 0 0 0 0 0 0.409869811579951 0 0 0
"50" 0 0 0.652766720197552 0 0 0.00900532743510865 0 0 0 1.49125878382132e-21 0 0 -0.0229430897137441 0.00695396911071503 0 0 0 -0.0115449570511834 0 0 0 0 0 0 -0.0112335965250112 0 0 0 0 0 0 0 0 0 0 0 0 0 0.335371509933219 0 0 0 0 0 0 0 0 0 0 1 0 0.0632614621538647 0 0 0.465043755119242 0 0 0 0 0 0 0 0 0 0 0 0
"51" -5.00533772142454e-22 1.10214327526882e-21 0 8.57349161155571e-21 0 0 0 0 0 0 0.280243072480454 0 0 0 9.25609715149847e-22 0 0 0 -0.028197037046272 0.0517016775093106 0 0 0 0 -0.380378920896055 0.26921741340677 0.317195399644449 0 0 0 0.00829621529777955 0.331098595029827 0 0 0 0 0.339848233553107 0 0 0.215482433290907 0 0 0 0.0456232245897349 0 0 0.229295200042415 0.317104826600512 0.32136918431568 0 1 0 0 0.33356139970869 0 0.29366548864861 0 0 0.244878618397055 0.258876725281369 0.221534180332486 0 0 0.303131325681696 0 0 0
"52" 0 -5.56948956056686e-21 0.00838982592419237 0 0 -0.0423151499084948 0 -0.0102458092895574 -0.0149377612445057 3.22349023326423e-21 0 0 -0.0362308976520671 0.00577288852305216 0 0 0 -0.0113458650907381 0 0 -0.00297281254470827 0 -0.022956655178194 0 0.000352717563325162 0 0.0468100102538176 0 0 -0.00949930052077516 0.00768635516938872 0.00748482828716265 0.0250323623030824 0 0.39514444935767 0 0.0393122001248903 0 0.414714435678398 0 0.377612122245094 0 0 0.379655692769753 0 0 0.0165514269324026 0 0.320241510429027 0.0632614621538647 0 1 0 0 0.358707416729402 0.0700786208231904 0 0 0 0 0 0 0 0.0300632990779447 0 0 0
"53" 0 0 0 0 0 0 0 0 0 0 0 0 0 0 0 0 -2.15350719984617e-22 0 0 0 0 0 0 0 0 0 0 0 0 0 0 0 0 0 0 0 0 0 0 0 0 0 0 0 0 0 0 0 0 0 0 0 1 0 0 0 0 0 0 0 0 0 0 0 3.30784411041914e-21 0 0
"54" 0 -4.90874024760625e-21 0.000477361010968106 0 0 0.076385773472514 0 0 0 0 0 0 0.0686180985754565 0.0283772884565429 0 0 0 -0.0409014289642049 -0.00413284184899561 -0.0382097664040712 -0.00160234030363961 -2.00093900652767e-21 0 0 -0.0499955905770224 0.0153674549035497 0.126380286777454 0 0 0.0123402097177372 0.0268927860960591 0.289798020774075 0 0.440026354661265 0.399457370130922 0 0.361515134934203 0.445341568053288 0.484786061619216 0.530788777781122 0.424742897643866 0 0 0.320582684134906 -0.000157268623905533 0 0.389777484744915 0.325450334997606 0.474274256400614 0 0.33356139970869 0 0 1 0.459213026082639 0.322161214014907 0 0 0 0 0 0 0 0.301717768940007 0.290550480662686 0 0
"55" 0 2.02776527992827e-20 0.448064889795298 0 0 0.106333889755192 0 0 0.0116053857376138 0 0 0 0.0294385244196234 -0.00407371379169635 0 0 0 0.000762916532209881 -0.00612092375468547 0.0110192345829959 0.0166450012361779 1.2457860117755e-20 0.0124219921391472 0 -0.0465403588774595 -0.032859381528659 -0.00780010658112022 0 0 -0.0126620167915633 -0.0432081027998531 -0.016940773071868 0.10429478947149 0.490270383255248 0.608425941341692 0 0.0164903804151193 0.510854239760282 0.525436747113587 0.414805291916147 0.426441558278003 0.260851501356628 0 0.19108491288487 0 0 0.0653120939547371 0 0.35418553789306 0.465043755119242 0 0.358707416729402 0 0.459213026082639 1 0.297463842986114 0 0 0 0 0 0 0 0.0923906102501773 -0.00245626439400758 0 0
"56" 0 0 0.033830730321561 3.37750232045496e-21 0 -0.0352474815417103 0 0.0660160046629872 0.361403845979327 1.27053231467135e-21 0 0.379477527446436 0.206201801700319 -0.0341409924179602 0 0 0 0.0468314245197608 0 0 0 0 0.079710641763462 0 -0.30911557503838 0 0.258946753623819 0 0 0 0 0 0.30267685829465 0 0 0 0 0 0 0 0.35535434946569 0 0 -0.00705536650116871 0 0 0 0 0.38332181267103 0 0.29366548864861 0.0700786208231904 0 0.322161214014907 0.297463842986114 1 0 0 0 0 0 0 0 0.363266376128311 0 0 0
"57" 1.43946804512569e-22 0 0 0 -4.02272710464959e-21 0 0 0 0 0 0 0 0 0 0 0 0 0 0 0 0 0 0.0286544877936538 0 0 0.0462163458167857 0 0 0.391185052414917 0 0 0 0 0 0 0.457434752964438 0 0 0 0 0 0 0 0 0 0 0 0 0 0 0 0 0 0 0 0 1 0 0 0.376309592464238 0 1.23376299952386e-20 0 0 0 0 0
"58" 0 0 0 0 0 0 0 0 0 0 0 0 0 0 0 0 0 0 0 0 0 0 0 0 0 0 0 0 0 0 0 0 0 0 0 0 0 0 0 0 0 0 0 0 0 0 0 0 0 0 0 0 0 0 0 0 0 1 0 0 0 0 0 0 0 0 0
"59" 0 0 0 0 0 0 0 0 0 0 0 0 0 0 -6.7678696888737e-22 0 0 0 0.011477400467503 0 0 4.32503408622801e-21 0 0 0 0 0 0 0 0 0 0 0 0 0 0 0 0 0 0 0 0 0 0 0 0 0 0 0 0 0.244878618397055 0 0 0 0 0 0 0 1 0 0 0 0 0 0 0 0
"60" -6.93197039159281e-22 0 0 0 1.8231382025886e-21 0 0 0 0 0 0.182607634580237 0 0 0 -1.56580437986907e-21 1.8879900992369e-21 0 0 0 0.00551929296566883 0 0 0 0 0 0.0222719176014096 -0.00193335583910858 0 0.073314273188843 0 0 0 0 0 0 0.481890907440846 0.226213652454601 0 0 0 0 0.374025285831927 0.363028092418892 0.354672045070863 0 0 0 0.417499177175643 0 0 0.258876725281369 0 0 0 0 0 0.376309592464238 0 0 1 0.484551389834548 0 0.339872272215457 0.249018907906018 0 2.26164034622467e-21 0
"61" -4.31447436864915e-22 0 0 0 4.32100490560365e-21 0 0 0 0 0 0.000281449370632274 0 0 0 9.70245472498178e-22 -2.11274576218941e-21 0 0 0 -0.0173072269336635 0 0 0 0 0 0.00334324452161705 0.0986647996176612 0 0.0249750721484452 0 0 0 0 0 0 0.380906457254176 0.426797039781219 0 0 0 0 0.39404602781142 0.294137735400301 0 0 0 0.31932201261186 0 0 0 0.221534180332486 0 0 0 0 0 0 0 0 0.484551389834548 1 0 0 0 0.324387918613482 0 0
"62" 0 0 0 0 0 0 0 0 0 0 0 0 0 0 0 0 0 0 0 0 0 0 3.24359865221208e-21 0 0 0 0 0 0 0 0 0 0 0 0 0 0 0 0 0 0 0 0 0 0 0 0 0 0 0 0 0 0 0 0 0 1.23376299952386e-20 0 0 0 0 1 0 0 0 0 0
"63" 0 0 0 0 0 0 0 0 0 0 -0.0786705331887594 0 0 0 0 -1.26209583802168e-21 0 0 0 0 0 0 0 0 0 0 0 0 0 0 0 0 0 0 0 0 0 0 0 0 0 0 0.0345003743477259 0 0 0 0 0 0 0 0 0 0 0 0 0 0 0 0 0.339872272215457 0 0 1 0 0 -1.58548625907202e-21 7.29130303601475e-21
"64" -1.01145059666234e-21 0 0 7.7773954793468e-21 0 -0.00770734008675238 0 0.391320892644971 0.354698920752763 6.43640782345301e-22 0.523156396995832 0 -0.00596684737333323 -0.0165036096672685 0 0 0 -0.012166959917743 -0.00324538209229227 0 0 0 0 0 -0.0425221464893935 -0.00913238783801763 0.095165449906362 0 0 0 -0.0114684126961865 0.0439543440887672 0.458932759984519 0 0 0 0 0 0.184177107744055 0 0.287115820388031 0.280707572687929 0.324472701837777 0.182964712604503 0 0 0.279897422130493 0.436220024768832 0.409869811579951 0 0.303131325681696 0.0300632990779447 0 0.301717768940007 0.0923906102501773 0.363266376128311 0 0 0 0.249018907906018 0 0 0 1 0 0 0
"65" 0 -2.21652810180697e-21 0 0 0 -0.0782789408560875 0.0258427721461494 0 0 0 0 0 0 0 0 0 2.79618109252852e-21 0.025218619950355 -0.00219069145062299 0.0458562819648612 0.451626696292783 0 0 0 0 0.403305951677432 0.480044011180912 0 0 0 0.420182775856975 0.391001131470369 0 0.0509189167656751 -0.0371537863633389 0 0.294934565640204 0 0 -0.0510570541187841 0 0 0 -0.025225963641556 0.051694625310379 0 0.409689358008773 0 0 0 0 0 3.30784411041914e-21 0.290550480662686 -0.00245626439400758 0 0 0 0 0 0.324387918613482 0 0 0 1 0 0
"66" 0 0 0 0 0 0 0 0 0 0 1.60831589357026e-21 0 0 0 0 -2.15350719984444e-22 0 0 0 0 0 0 0 0 0 0 0 0 0 0 0 0 0 0 0 0 0 0 0 0 0 0 5.73587916985144e-21 0 0 0 0 8.66540928299214e-21 0 0 0 0 0 0 0 0 0 0 0 2.26164034622467e-21 0 0 -1.58548625907202e-21 0 0 1 0
"67" 0 0 0 0 0 0 0 0 0 0 0 0 0 0 0 0 0 0 0 0 0 0 0 0 0 0 0 0 0 0 0 0 0 0 0 0 0 0 0 0 0 0 0 0 0 0 0 0 0 0 0 0 0 0 0 0 0 0 0 0 0 0 7.29130303601475e-21 0 0 0 1
